r = 0:
              precision    recall  f1-score   support

           0       0.88      0.93      0.90        94
           1       0.95      0.84      0.89        86
           2       0.93      0.86      0.89        86
           3       0.86      0.91      0.89        70
           4       0.95      0.90      0.92        81
           5       0.88      0.90      0.89        79
           6       0.89      0.95      0.92        85
           7       0.94      0.94      0.94        86
           8       0.92      0.89      0.91        92
           9       0.93      0.87      0.90        71
          10       0.92      0.92      0.92        72
          11       0.91      0.91      0.91        79
          12       0.89      0.89      0.89        80
          13       0.93      0.93      0.93        90
          14       0.86      0.91      0.88        75
          15       0.97      0.94      0.95        67
          16       0.91      0.89      0.90        91
          17       0.88      0.92      0.90        71
          18       0.80      0.85      0.82        66
          19       0.89      0.88      0.88        82
          20       0.90      0.96      0.93        73
          21       0.92      0.89      0.90        64
          22       0.95      0.91      0.93        78
          23       0.94      0.98      0.96        90
          24       0.95      0.91      0.92        95
          25       0.88      0.92      0.90        77

    accuracy                           0.91      2080
   macro avg       0.91      0.91      0.91      2080
weighted avg       0.91      0.91      0.91      2080

r = 1:
              precision    recall  f1-score   support

           0       0.85      0.95      0.90        88
           1       0.95      0.82      0.88        88
           2       0.93      0.89      0.91        83
           3       0.91      0.89      0.90        75
           4       0.90      0.92      0.91        75
           5       0.88      0.88      0.88        81
           6       0.89      0.94      0.92        86
           7       0.95      0.94      0.95        87
           8       1.00      0.92      0.96        97
           9       0.88      0.94      0.91        63
          10       0.93      0.92      0.92        73
          11       0.89      0.92      0.90        76
          12       0.88      0.88      0.88        80
          13       0.94      0.92      0.93        92
          14       0.85      0.94      0.89        71
          15       0.97      0.91      0.94        69
          16       0.93      0.91      0.92        91
          17       0.89      0.92      0.90        72
          18       0.83      0.85      0.84        68
          19       0.88      0.86      0.87        83
          20       0.88      0.95      0.91        73
          21       0.90      0.90      0.90        62
          22       0.88      0.89      0.89        74
          23       0.94      0.93      0.93        95
          24       0.95      0.90      0.92        96
          25       0.93      0.91      0.92        82

    accuracy                           0.91      2080
   macro avg       0.91      0.91      0.91      2080
weighted avg       0.91      0.91      0.91      2080

r = 2:
              precision    recall  f1-score   support

           0       0.89      0.93      0.91        95
           1       0.96      0.85      0.90        86
           2       0.89      0.87      0.88        82
           3       0.85      0.91      0.88        69
           4       0.96      0.86      0.91        86
           5       0.86      0.92      0.89        76
           6       0.95      0.96      0.95        90
           7       0.93      0.96      0.95        83
           8       0.97      0.91      0.93        95
           9       0.91      0.92      0.92        66
          10       0.90      0.90      0.90        72
          11       0.90      0.88      0.89        81
          12       0.88      0.91      0.89        77
          13       0.93      0.94      0.94        89
          14       0.87      0.91      0.89        76
          15       0.98      0.89      0.93        72
          16       0.91      0.91      0.91        89
          17       0.92      0.89      0.91        76
          18       0.84      0.87      0.86        68
          19       0.88      0.93      0.90        76
          20       0.91      0.95      0.93        75
          21       0.90      0.88      0.89        64
          22       0.92      0.92      0.92        75
          23       0.94      0.95      0.94        93
          24       0.90      0.91      0.91        90
          25       0.89      0.91      0.90        79

    accuracy                           0.91      2080
   macro avg       0.91      0.91      0.91      2080
weighted avg       0.91      0.91      0.91      2080

r = 3:
              precision    recall  f1-score   support

           0       0.87      0.93      0.90        92
           1       0.92      0.88      0.90        80
           2       0.90      0.83      0.86        87
           3       0.85      0.85      0.85        74
           4       0.91      0.91      0.91        77
           5       0.90      0.92      0.91        79
           6       0.97      0.92      0.94        96
           7       0.94      0.98      0.96        83
           8       0.94      0.89      0.92        94
           9       0.93      0.90      0.91        69
          10       0.90      0.89      0.90        73
          11       0.84      0.89      0.86        74
          12       0.82      0.80      0.81        82
          13       0.90      0.93      0.92        87
          14       0.85      0.89      0.87        75
          15       0.97      0.91      0.94        69
          16       0.89      0.89      0.89        89
          17       0.91      0.87      0.89        77
          18       0.84      0.84      0.84        70
          19       0.88      0.86      0.87        83
          20       0.86      0.96      0.91        70
          21       0.89      0.92      0.90        60
          22       0.95      0.89      0.92        80
          23       0.90      0.97      0.93        88
          24       0.93      0.90      0.92        94
          25       0.89      0.92      0.91        78

    accuracy                           0.90      2080
   macro avg       0.90      0.90      0.90      2080
weighted avg       0.90      0.90      0.90      2080

r = 4:
              precision    recall  f1-score   support

           0       0.94      0.89      0.91       105
           1       0.91      0.90      0.90        77
           2       0.93      0.89      0.91        83
           3       0.86      0.89      0.88        72
           4       0.92      0.91      0.92        78
           5       0.93      0.86      0.89        87
           6       0.88      0.94      0.91        85
           7       0.91      0.97      0.94        80
           8       0.98      0.91      0.94        96
           9       0.93      0.93      0.93        67
          10       0.92      0.92      0.92        72
          11       0.91      0.94      0.92        77
          12       0.86      0.91      0.88        76
          13       0.92      0.93      0.93        89
          14       0.87      0.92      0.90        75
          15       0.95      0.87      0.91        71
          16       0.89      0.87      0.88        91
          17       0.86      0.90      0.88        71
          18       0.84      0.88      0.86        67
          19       0.88      0.91      0.89        78
          20       0.88      0.92      0.90        75
          21       0.94      0.89      0.91        65
          22       0.91      0.93      0.92        73
          23       0.94      0.91      0.92        97
          24       0.95      0.87      0.91        99
          25       0.89      0.97      0.93        74

    accuracy                           0.91      2080
   macro avg       0.91      0.91      0.91      2080
weighted avg       0.91      0.91      0.91      2080

r = 5:
              precision    recall  f1-score   support

           0       0.90      0.96      0.93        93
           1       0.92      0.90      0.91        78
           2       0.90      0.87      0.88        83
           3       0.91      0.91      0.91        74
           4       0.94      0.90      0.92        80
           5       0.89      0.89      0.89        81
           6       0.95      0.98      0.96        88
           7       0.93      0.95      0.94        84
           8       0.98      0.85      0.91       102
           9       0.88      0.92      0.90        64
          10       0.89      0.93      0.91        69
          11       0.91      0.95      0.93        76
          12       0.91      0.91      0.91        80
          13       0.96      0.96      0.96        90
          14       0.91      0.96      0.94        75
          15       0.97      0.90      0.93        70
          16       0.80      0.87      0.83        82
          17       0.92      0.83      0.87        82
          18       0.83      0.88      0.85        66
          19       0.88      0.84      0.86        85
          20       0.85      0.90      0.87        73
          21       0.90      0.89      0.90        63
          22       0.95      0.92      0.93        77
          23       0.93      0.98      0.95        89
          24       0.92      0.87      0.89        97
          25       0.90      0.92      0.91        79

    accuracy                           0.91      2080
   macro avg       0.91      0.91      0.91      2080
weighted avg       0.91      0.91      0.91      2080

r = 6:
              precision    recall  f1-score   support

           0       0.90      0.91      0.90        98
           1       0.92      0.83      0.88        84
           2       0.88      0.83      0.85        84
           3       0.86      0.91      0.89        70
           4       0.92      0.83      0.87        86
           5       0.85      0.90      0.87        77
           6       0.95      0.97      0.96        89
           7       0.91      0.96      0.93        81
           8       0.89      0.92      0.90        86
           9       0.94      0.88      0.91        72
          10       0.92      0.93      0.92        71
          11       0.91      0.89      0.90        81
          12       0.84      0.91      0.87        74
          13       0.94      0.91      0.93        93
          14       0.85      0.96      0.90        70
          15       0.97      0.93      0.95        68
          16       0.92      0.87      0.90        94
          17       0.84      0.87      0.86        71
          18       0.90      0.81      0.85        78
          19       0.86      0.92      0.89        76
          20       0.88      0.92      0.90        75
          21       0.92      0.90      0.91        63
          22       0.95      0.93      0.94        76
          23       0.94      0.97      0.95        91
          24       0.95      0.88      0.91        98
          25       0.86      0.95      0.90        74

    accuracy                           0.90      2080
   macro avg       0.90      0.90      0.90      2080
weighted avg       0.90      0.90      0.90      2080

r = 7:
              precision    recall  f1-score   support

           0       0.89      0.89      0.89        99
           1       0.89      0.86      0.88        79
           2       0.89      0.87      0.88        82
           3       0.89      0.89      0.89        74
           4       0.95      0.86      0.90        85
           5       0.86      0.90      0.88        78
           6       0.89      0.96      0.93        84
           7       0.93      0.94      0.94        85
           8       0.97      0.88      0.92        98
           9       0.93      0.95      0.94        65
          10       0.93      0.89      0.91        75
          11       0.91      0.90      0.91        80
          12       0.82      0.85      0.84        78
          13       0.92      0.89      0.91        93
          14       0.86      0.96      0.91        71
          15       0.97      0.90      0.93        70
          16       0.90      0.87      0.88        92
          17       0.91      0.89      0.90        75
          18       0.83      0.91      0.87        64
          19       0.86      0.92      0.89        76
          20       0.92      0.89      0.91        81
          21       0.87      0.92      0.89        59
          22       0.93      0.90      0.92        78
          23       0.91      0.98      0.95        88
          24       0.92      0.88      0.90        96
          25       0.86      0.93      0.90        75

    accuracy                           0.90      2080
   macro avg       0.90      0.90      0.90      2080
weighted avg       0.90      0.90      0.90      2080

r = 8:
              precision    recall  f1-score   support

           0       0.89      0.93      0.91        95
           1       0.88      0.87      0.88        77
           2       0.88      0.88      0.88        80
           3       0.92      0.89      0.91        76
           4       0.94      0.88      0.91        82
           5       0.86      0.92      0.89        76
           6       0.92      0.88      0.90        96
           7       0.90      0.94      0.92        82
           8       0.91      0.87      0.89        93
           9       0.93      0.86      0.89        72
          10       0.92      0.90      0.91        73
          11       0.89      0.92      0.90        76
          12       0.89      0.84      0.86        85
          13       0.89      0.92      0.90        87
          14       0.89      0.90      0.89        78
          15       0.95      0.91      0.93        68
          16       0.84      0.91      0.88        82
          17       0.89      0.92      0.90        72
          18       0.86      0.88      0.87        68
          19       0.89      0.88      0.88        82
          20       0.87      0.92      0.89        74
          21       0.90      0.85      0.88        66
          22       0.93      0.93      0.93        75
          23       0.95      0.97      0.96        92
          24       0.93      0.89      0.91        96
          25       0.89      0.94      0.91        77

    accuracy                           0.90      2080
   macro avg       0.90      0.90      0.90      2080
weighted avg       0.90      0.90      0.90      2080

r = 9:
              precision    recall  f1-score   support

           0       0.88      0.92      0.90        95
           1       0.93      0.88      0.90        81
           2       0.89      0.90      0.89        79
           3       0.88      0.89      0.88        73
           4       0.94      0.90      0.92        80
           5       0.90      0.89      0.90        82
           6       0.88      0.96      0.92        83
           7       0.93      0.93      0.93        86
           8       0.99      0.88      0.93       100
           9       0.93      0.94      0.93        66
          10       0.92      0.90      0.91        73
          11       0.89      0.89      0.89        79
          12       0.81      0.83      0.82        78
          13       0.90      0.89      0.90        91
          14       0.82      0.87      0.84        75
          15       0.97      0.91      0.94        69
          16       0.89      0.87      0.88        91
          17       0.89      0.88      0.89        75
          18       0.80      0.86      0.83        65
          19       0.86      0.89      0.87        79
          20       0.91      0.95      0.93        75
          21       0.94      0.84      0.89        69
          22       0.88      0.92      0.90        72
          23       0.94      0.93      0.93        95
          24       0.95      0.90      0.92        96
          25       0.88      0.97      0.92        73

    accuracy                           0.90      2080
   macro avg       0.90      0.90      0.90      2080
weighted avg       0.90      0.90      0.90      2080

