r = 0:
              precision    recall  f1-score   support

           0       0.90      0.87      0.88        83
           1       0.93      0.94      0.93        96
           2       0.85      0.86      0.85        78
           3       0.90      0.92      0.91        89
           4       0.84      0.88      0.86        78
           5       0.94      0.83      0.88        89
           6       0.78      0.91      0.84        68
           7       0.93      0.87      0.90        93
           8       0.89      0.92      0.91        73
           9       0.94      0.88      0.91        84
          10       0.89      0.91      0.90        81
          11       0.87      0.94      0.91        66
          12       0.92      0.98      0.95        87
          13       0.92      0.87      0.89        76
          14       0.89      0.82      0.85        82
          15       0.92      0.89      0.90        85
          16       0.85      0.88      0.87        77
          17       0.87      0.86      0.86        70
          18       0.88      0.88      0.88        86
          19       0.87      0.87      0.87        82
          20       0.89      0.86      0.87        76
          21       0.88      0.83      0.85        64
          22       0.88      0.86      0.87        71
          23       0.90      0.91      0.91        94
          24       0.84      0.96      0.89        71
          25       0.89      0.88      0.88        81

    accuracy                           0.89      2080
   macro avg       0.89      0.89      0.89      2080
weighted avg       0.89      0.89      0.89      2080

