r = 0:
              precision    recall  f1-score   support

           0       1.00      1.00      1.00         2
           1       1.00      1.00      1.00         4
           2       1.00      1.00      1.00         3
           3       1.00      1.00      1.00         5
           4       1.00      1.00      1.00         2
           5       0.83      1.00      0.91         5
           6       1.00      1.00      1.00         4
           7       1.00      0.80      0.89         5
           8       0.50      1.00      0.67         1
           9       1.00      0.75      0.86         4
          10       1.00      1.00      1.00         4
          11       0.75      0.75      0.75         4
          12       0.75      0.60      0.67         5
          13       1.00      1.00      1.00         1
          14       1.00      0.83      0.91         6
          15       0.75      1.00      0.86         3
          16       1.00      0.83      0.91         6
          17       0.60      1.00      0.75         3
          18       0.86      1.00      0.92         6
          19       1.00      0.67      0.80         3
          20       1.00      1.00      1.00        10
          21       1.00      1.00      1.00         4
          22       1.00      0.67      0.80         3
          23       0.33      1.00      0.50         1
          24       1.00      0.86      0.92         7
          25       1.00      1.00      1.00         4

    accuracy                           0.90       105
   macro avg       0.90      0.91      0.89       105
weighted avg       0.93      0.90      0.91       105

r = 1:
              precision    recall  f1-score   support

           0       1.00      1.00      1.00         3
           1       1.00      0.83      0.91         6
           2       0.83      1.00      0.91         5
           3       1.00      1.00      1.00         3
           4       1.00      1.00      1.00         7
           5       1.00      1.00      1.00         4
           6       1.00      1.00      1.00         4
           7       1.00      0.83      0.91         6
           8       0.40      1.00      0.57         2
           9       1.00      1.00      1.00         2
          10       0.75      1.00      0.86         3
          11       1.00      1.00      1.00         5
          12       1.00      0.67      0.80         6
          13       1.00      1.00      1.00         5
          14       1.00      0.78      0.88         9
          15       1.00      0.75      0.86         4
          16       1.00      1.00      1.00         4
          17       1.00      1.00      1.00         3
          18       1.00      1.00      1.00         4
          19       1.00      1.00      1.00         3
          20       0.33      1.00      0.50         1
          21       1.00      1.00      1.00         5
          22       1.00      1.00      1.00         2
          23       1.00      0.80      0.89         5
          24       0.75      1.00      0.86         3

    accuracy                           0.92       104
   macro avg       0.92      0.95      0.92       104
weighted avg       0.96      0.92      0.93       104

r = 2:
              precision    recall  f1-score   support

           0       1.00      0.33      0.50         3
           1       0.75      1.00      0.86         6
           2       1.00      1.00      1.00         4
           3       1.00      1.00      1.00         3
           4       1.00      1.00      1.00         1
           5       1.00      1.00      1.00         5
           6       1.00      1.00      1.00         5
           7       0.80      1.00      0.89         4
           8       1.00      0.89      0.94         9
           9       1.00      1.00      1.00         2
          10       1.00      1.00      1.00         5
          11       1.00      1.00      1.00         3
          12       1.00      0.75      0.86         4
          13       0.80      1.00      0.89         4
          14       1.00      0.67      0.80         3
          15       0.67      1.00      0.80         2
          16       1.00      0.83      0.91         6
          17       1.00      1.00      1.00         4
          18       1.00      1.00      1.00         4
          19       1.00      1.00      1.00         6
          20       1.00      1.00      1.00         1
          21       0.75      0.50      0.60         6
          22       0.50      1.00      0.67         3
          23       1.00      1.00      1.00         4
          24       1.00      1.00      1.00         7
          25       1.00      1.00      1.00         1

    accuracy                           0.91       105
   macro avg       0.93      0.92      0.91       105
weighted avg       0.94      0.91      0.91       105

r = 3:
              precision    recall  f1-score   support

           0       0.60      1.00      0.75         3
           1       1.00      0.50      0.67         6
           2       0.50      0.50      0.50         2
           3       0.67      0.67      0.67         3
           4       1.00      0.75      0.86         4
           5       0.80      1.00      0.89         4
           6       1.00      1.00      1.00         2
           7       1.00      0.80      0.89         5
           8       0.86      1.00      0.92         6
           9       0.83      1.00      0.91         5
          10       1.00      0.86      0.92         7
          11       1.00      1.00      1.00         3
          12       1.00      0.86      0.92         7
          13       0.67      1.00      0.80         2
          14       1.00      1.00      1.00         2
          15       1.00      1.00      1.00         2
          16       0.50      1.00      0.67         2
          17       1.00      0.75      0.86         4
          18       1.00      1.00      1.00         3
          19       1.00      1.00      1.00         2
          20       1.00      1.00      1.00         5
          22       1.00      1.00      1.00         6
          23       1.00      0.80      0.89         5
          24       0.67      1.00      0.80         2
          25       1.00      1.00      1.00         4

    accuracy                           0.89        96
   macro avg       0.88      0.90      0.88        96
weighted avg       0.92      0.89      0.89        96

r = 4:
              precision    recall  f1-score   support

           0       1.00      1.00      1.00         3
           1       1.00      1.00      1.00         6
           2       1.00      1.00      1.00         6
           3       1.00      1.00      1.00         3
           4       1.00      1.00      1.00         5
           5       0.50      1.00      0.67         1
           6       1.00      0.83      0.91         6
           7       1.00      1.00      1.00         1
           8       0.80      0.80      0.80         5
           9       0.75      1.00      0.86         3
          10       1.00      0.50      0.67         2
          11       0.60      0.75      0.67         4
          12       0.75      0.60      0.67         5
          13       1.00      1.00      1.00         7
          14       1.00      0.75      0.86         4
          15       1.00      0.67      0.80         3
          16       1.00      1.00      1.00         5
          17       1.00      1.00      1.00         3
          18       0.71      1.00      0.83         5
          19       1.00      1.00      1.00         6
          20       1.00      1.00      1.00         3
          21       1.00      0.83      0.91         6
          22       0.83      1.00      0.91         5
          23       1.00      1.00      1.00         2
          24       1.00      1.00      1.00         5
          25       1.00      1.00      1.00         1

    accuracy                           0.91       105
   macro avg       0.92      0.91      0.91       105
weighted avg       0.93      0.91      0.91       105

r = 5:
              precision    recall  f1-score   support

           0       0.60      0.60      0.60         5
           1       0.67      0.80      0.73         5
           2       0.75      0.75      0.75         4
           3       1.00      1.00      1.00         2
           4       1.00      1.00      1.00         4
           5       1.00      0.67      0.80         3
           6       0.67      0.67      0.67         3
           7       0.80      1.00      0.89         4
           8       1.00      0.75      0.86         4
           9       0.33      1.00      0.50         1
          10       1.00      0.67      0.80         6
          11       0.75      1.00      0.86         3
          12       1.00      0.60      0.75         5
          13       1.00      1.00      1.00         4
          14       1.00      1.00      1.00         4
          15       1.00      1.00      1.00         1
          16       0.67      0.67      0.67         3
          17       0.75      1.00      0.86         3
          18       1.00      1.00      1.00         5
          19       1.00      1.00      1.00         6
          20       1.00      1.00      1.00         5
          21       1.00      1.00      1.00         3
          22       1.00      1.00      1.00         2
          23       1.00      1.00      1.00         7
          24       1.00      1.00      1.00         5
          25       1.00      1.00      1.00         5

    accuracy                           0.88       102
   macro avg       0.88      0.89      0.87       102
weighted avg       0.91      0.88      0.88       102

r = 6:
              precision    recall  f1-score   support

           0       1.00      1.00      1.00         5
           1       1.00      1.00      1.00         4
           2       1.00      1.00      1.00         1
           3       1.00      0.67      0.80         3
           4       0.83      0.83      0.83         6
           5       0.67      0.67      0.67         3
           6       0.75      1.00      0.86         3
           7       1.00      0.88      0.93         8
           8       0.67      1.00      0.80         4
           9       1.00      1.00      1.00         3
          10       1.00      1.00      1.00         2
          11       1.00      1.00      1.00         7
          12       1.00      0.80      0.89         5
          13       0.80      1.00      0.89         4
          14       1.00      1.00      1.00         1
          15       0.00      0.00      0.00         0
          16       1.00      0.67      0.80         3
          17       1.00      1.00      1.00         4
          18       1.00      1.00      1.00         3
          19       1.00      0.67      0.80         3
          20       0.67      0.67      0.67         3
          21       1.00      1.00      1.00         3
          22       1.00      0.67      0.80         9
          23       0.67      1.00      0.80         2
          24       1.00      1.00      1.00         4
          25       1.00      1.00      1.00         2

    accuracy                           0.88        95
   macro avg       0.89      0.87      0.87        95
weighted avg       0.93      0.88      0.90        95

r = 7:
              precision    recall  f1-score   support

           0       1.00      1.00      1.00         7
           1       1.00      1.00      1.00         1
           2       0.67      1.00      0.80         2
           3       1.00      0.67      0.80         3
           4       1.00      1.00      1.00         2
           5       1.00      0.67      0.80         3
           6       0.00      0.00      0.00         0
           7       1.00      0.50      0.67         2
           8       1.00      0.75      0.86         4
           9       0.00      0.00      0.00         0
          10       1.00      1.00      1.00         4
          11       1.00      1.00      1.00         4
          12       1.00      1.00      1.00         4
          13       0.83      0.83      0.83         6
          14       0.88      1.00      0.93         7
          15       1.00      1.00      1.00         4
          16       0.75      0.50      0.60         6
          17       0.50      1.00      0.67         1
          18       0.88      1.00      0.93         7
          19       1.00      0.67      0.80         3
          20       1.00      1.00      1.00         3
          21       0.50      1.00      0.67         1
          22       1.00      1.00      1.00         4
          23       0.50      1.00      0.67         1
          24       1.00      0.80      0.89         5
          25       1.00      1.00      1.00         1

    accuracy                           0.88        85
   macro avg       0.83      0.82      0.80        85
weighted avg       0.92      0.88      0.89        85

r = 8:
              precision    recall  f1-score   support

           0       1.00      0.67      0.80         6
           1       0.71      1.00      0.83         5
           2       1.00      1.00      1.00         1
           3       0.67      1.00      0.80         2
           4       1.00      0.80      0.89         5
           5       1.00      1.00      1.00         1
           6       0.80      1.00      0.89         4
           7       1.00      0.60      0.75         5
           8       0.80      0.67      0.73         6
           9       0.83      1.00      0.91         5
          10       1.00      0.71      0.83         7
          11       0.60      1.00      0.75         3
          12       0.67      0.80      0.73         5
          13       0.67      0.67      0.67         3
          14       1.00      1.00      1.00         1
          15       0.78      1.00      0.88         7
          16       0.50      1.00      0.67         2
          17       0.00      0.00      0.00         2
          18       1.00      1.00      1.00         4
          19       1.00      1.00      1.00         3
          20       0.83      1.00      0.91         5
          21       0.00      0.00      0.00         1
          22       1.00      0.83      0.91         6
          23       0.00      0.00      0.00         0
          24       1.00      0.75      0.86         4
          25       1.00      0.67      0.80         3

    accuracy                           0.82        96
   macro avg       0.76      0.78      0.75        96
weighted avg       0.84      0.82      0.81        96

r = 9:
              precision    recall  f1-score   support

           0       0.67      1.00      0.80         4
           1       1.00      0.83      0.91         6
           2       1.00      1.00      1.00         4
           3       1.00      0.80      0.89         5
           4       0.75      0.60      0.67         5
           5       0.83      1.00      0.91         5
           6       1.00      1.00      1.00         4
           7       0.20      1.00      0.33         1
           8       1.00      0.75      0.86         4
           9       0.67      0.29      0.40         7
          10       0.50      1.00      0.67         1
          11       1.00      1.00      1.00         4
          12       1.00      1.00      1.00         6
          13       1.00      0.86      0.92         7
          14       0.86      1.00      0.92         6
          15       1.00      1.00      1.00         2
          16       1.00      1.00      1.00         4
          17       0.00      0.00      0.00         0
          18       1.00      1.00      1.00         4
          19       1.00      1.00      1.00         4
          20       1.00      0.50      0.67         2
          21       1.00      1.00      1.00         6
          22       1.00      1.00      1.00         6
          23       1.00      1.00      1.00         1
          24       1.00      1.00      1.00         1
          25       1.00      1.00      1.00         3

    accuracy                           0.88       102
   macro avg       0.86      0.87      0.84       102
weighted avg       0.92      0.88      0.89       102

