r = 0:
              precision    recall  f1-score   support

           0       0.81      0.89      0.85        89
           1       0.90      0.75      0.82        93
           2       0.81      0.87      0.84        54
           3       0.93      0.86      0.89        78
           4       0.92      0.87      0.89        92
           5       0.84      0.94      0.89        71
           6       0.96      0.80      0.87        95
           7       0.94      0.83      0.88        95
           8       0.79      0.91      0.85        79
           9       0.90      0.91      0.90        77
          10       0.91      0.88      0.89        82
          11       0.89      0.88      0.88        74
          12       0.93      0.91      0.92        88
          13       0.87      0.94      0.91        72
          14       0.85      0.85      0.85        82
          15       0.88      0.89      0.89       100
          16       0.84      0.85      0.85        75
          17       0.76      0.87      0.81        71
          18       0.88      0.91      0.89        77
          19       0.81      0.90      0.85        71
          20       0.90      0.89      0.90        72
          21       0.93      0.82      0.87        62
          22       0.88      0.90      0.89        81
          23       0.92      0.92      0.92        93
          24       0.90      0.93      0.92        82
          25       0.91      0.89      0.90        75

    accuracy                           0.88      2080
   macro avg       0.88      0.88      0.88      2080
weighted avg       0.88      0.88      0.88      2080

r = 1:
              precision    recall  f1-score   support

           0       0.85      0.93      0.89        88
           1       0.90      0.85      0.88        82
           2       0.84      0.88      0.86        56
           3       0.92      0.86      0.89        77
           4       0.90      0.93      0.91        84
           5       0.86      0.95      0.90        73
           6       0.96      0.87      0.92        87
           7       0.89      0.91      0.90        82
           8       0.92      0.88      0.90        95
           9       0.95      0.94      0.94        79
          10       0.96      0.94      0.95        81
          11       0.85      0.91      0.88        68
          12       0.92      0.90      0.91        88
          13       0.94      0.91      0.92        80
          14       0.84      0.81      0.83        85
          15       0.89      0.97      0.93        93
          16       0.84      0.83      0.84        77
          17       0.88      0.85      0.86        85
          18       0.90      0.91      0.91        79
          19       0.85      0.87      0.86        77
          20       0.90      0.86      0.88        74
          21       0.85      0.81      0.83        58
          22       0.90      0.94      0.92        80
          23       0.95      0.96      0.95        92
          24       0.89      0.91      0.90        82
          25       0.91      0.86      0.88        78

    accuracy                           0.90      2080
   macro avg       0.89      0.89      0.89      2080
weighted avg       0.90      0.90      0.90      2080

r = 2:
              precision    recall  f1-score   support

           0       0.85      0.87      0.86        94
           1       0.92      0.88      0.90        82
           2       0.81      0.89      0.85        53
           3       0.90      0.86      0.88        76
           4       0.90      0.93      0.91        84
           5       0.85      0.89      0.87        76
           6       0.96      0.95      0.96        80
           7       0.90      0.92      0.91        83
           8       0.88      0.84      0.86        95
           9       0.94      0.92      0.93        79
          10       0.96      0.94      0.95        81
          11       0.86      0.91      0.89        69
          12       0.93      0.87      0.90        92
          13       0.90      0.91      0.90        77
          14       0.82      0.89      0.85        75
          15       0.92      0.95      0.93        98
          16       0.86      0.84      0.85        77
          17       0.87      0.91      0.89        78
          18       0.85      0.93      0.89        73
          19       0.77      0.86      0.81        71
          20       0.92      0.82      0.87        79
          21       0.84      0.79      0.81        58
          22       0.90      0.88      0.89        85
          23       0.92      0.91      0.92        94
          24       0.89      0.95      0.92        79
          25       0.97      0.78      0.87        92

    accuracy                           0.89      2080
   macro avg       0.89      0.89      0.89      2080
weighted avg       0.89      0.89      0.89      2080

r = 3:
              precision    recall  f1-score   support

           0       0.80      0.88      0.84        89
           1       0.91      0.84      0.87        85
           2       0.84      0.91      0.88        54
           3       0.94      0.87      0.91        78
           4       0.92      0.89      0.90        90
           5       0.82      0.96      0.89        69
           6       0.97      0.84      0.90        92
           7       0.88      0.88      0.88        84
           8       0.88      0.85      0.86        94
           9       0.95      0.93      0.94        80
          10       0.95      0.90      0.93        83
          11       0.88      0.94      0.91        68
          12       0.92      0.95      0.93        83
          13       0.95      0.87      0.91        85
          14       0.93      0.86      0.89        88
          15       0.88      0.94      0.91        95
          16       0.84      0.85      0.85        75
          17       0.77      0.95      0.85        66
          18       0.90      0.89      0.89        81
          19       0.81      0.90      0.85        71
          20       0.93      0.86      0.89        77
          21       0.87      0.77      0.82        62
          22       0.88      0.96      0.92        76
          23       0.95      0.95      0.95        93
          24       0.87      0.86      0.86        85
          25       0.86      0.83      0.85        77

    accuracy                           0.89      2080
   macro avg       0.89      0.89      0.89      2080
weighted avg       0.89      0.89      0.89      2080

r = 4:
              precision    recall  f1-score   support

           0       0.85      0.92      0.88        89
           1       0.90      0.80      0.85        87
           2       0.86      0.78      0.82        64
           3       0.93      0.88      0.91        76
           4       0.92      0.86      0.89        93
           5       0.88      0.95      0.91        74
           6       0.97      0.93      0.95        83
           7       0.88      0.93      0.90        80
           8       0.90      0.85      0.88        96
           9       0.97      0.93      0.95        82
          10       0.96      0.93      0.94        82
          11       0.82      0.94      0.88        64
          12       0.92      0.86      0.89        92
          13       0.88      0.91      0.90        76
          14       0.87      0.84      0.85        85
          15       0.87      0.95      0.91        93
          16       0.87      0.82      0.85        80
          17       0.77      0.97      0.86        65
          18       0.93      0.86      0.89        86
          19       0.87      0.92      0.90        75
          20       0.92      0.89      0.90        73
          21       0.85      0.87      0.86        54
          22       0.92      0.95      0.93        80
          23       0.95      0.91      0.93        97
          24       0.79      0.90      0.84        73
          25       0.91      0.83      0.86        81

    accuracy                           0.89      2080
   macro avg       0.89      0.89      0.89      2080
weighted avg       0.89      0.89      0.89      2080

r = 5:
              precision    recall  f1-score   support

           0       0.88      0.90      0.89        94
           1       0.88      0.87      0.88        79
           2       0.81      0.94      0.87        50
           3       0.93      0.86      0.89        78
           4       0.92      0.90      0.91        89
           5       0.90      0.97      0.94        74
           6       0.97      0.94      0.96        82
           7       0.95      0.83      0.89        96
           8       0.85      0.88      0.86        88
           9       0.92      0.95      0.94        76
          10       0.97      0.91      0.94        85
          11       0.85      0.93      0.89        67
          12       0.95      0.91      0.93        90
          13       0.90      0.90      0.90        78
          14       0.88      0.88      0.88        82
          15       0.89      0.91      0.90        99
          16       0.86      0.81      0.83        80
          17       0.85      0.92      0.89        76
          18       0.91      0.95      0.93        77
          19       0.87      0.91      0.89        76
          20       0.93      0.87      0.90        76
          21       0.84      0.85      0.84        54
          22       0.86      0.93      0.89        76
          23       0.91      0.92      0.92        92
          24       0.87      0.88      0.87        83
          25       0.93      0.83      0.88        83

    accuracy                           0.90      2080
   macro avg       0.90      0.90      0.90      2080
weighted avg       0.90      0.90      0.90      2080

r = 6:
              precision    recall  f1-score   support

           0       0.90      0.94      0.92        93
           1       0.92      0.82      0.87        88
           2       0.81      0.96      0.88        49
           3       0.90      0.86      0.88        76
           4       0.94      0.88      0.91        93
           5       0.88      0.88      0.88        80
           6       0.97      0.93      0.95        83
           7       0.85      0.93      0.89        76
           8       0.85      0.84      0.84        92
           9       0.92      0.90      0.91        80
          10       0.96      0.92      0.94        83
          11       0.89      0.92      0.90        71
          12       0.92      0.90      0.91        88
          13       0.91      0.90      0.90        79
          14       0.84      0.88      0.86        78
          15       0.90      0.86      0.88       106
          16       0.84      0.89      0.86        72
          17       0.78      0.93      0.85        69
          18       0.86      0.88      0.87        78
          19       0.85      0.86      0.85        78
          20       0.89      0.89      0.89        71
          21       0.84      0.81      0.82        57
          22       0.86      0.92      0.89        77
          23       0.97      0.89      0.93       101
          24       0.81      0.91      0.86        75
          25       0.91      0.77      0.83        87

    accuracy                           0.88      2080
   macro avg       0.88      0.89      0.88      2080
weighted avg       0.89      0.88      0.88      2080

r = 7:
              precision    recall  f1-score   support

           0       0.82      0.87      0.85        92
           1       0.90      0.74      0.81        94
           2       0.76      0.94      0.84        47
           3       0.94      0.82      0.88        83
           4       0.86      0.89      0.88        84
           5       0.90      0.94      0.92        77
           6       0.95      0.87      0.91        86
           7       0.95      0.80      0.87       100
           8       0.80      0.97      0.88        75
           9       0.97      0.94      0.96        81
          10       0.90      0.91      0.90        78
          11       0.86      0.88      0.87        72
          12       0.98      0.85      0.91        99
          13       0.90      0.88      0.89        80
          14       0.80      0.87      0.84        76
          15       0.89      0.97      0.93        93
          16       0.82      0.85      0.83        73
          17       0.78      0.90      0.84        71
          18       0.91      0.86      0.88        85
          19       0.78      0.89      0.83        70
          20       0.92      0.89      0.90        73
          21       0.85      0.78      0.82        60
          22       0.89      0.91      0.90        81
          23       0.95      0.89      0.92        99
          24       0.86      0.91      0.88        79
          25       0.84      0.86      0.85        72

    accuracy                           0.88      2080
   macro avg       0.88      0.88      0.88      2080
weighted avg       0.88      0.88      0.88      2080

r = 8:
              precision    recall  f1-score   support

           0       0.86      0.95      0.90        87
           1       0.95      0.83      0.89        89
           2       0.84      0.92      0.88        53
           3       0.94      0.89      0.92        76
           4       0.93      0.91      0.92        89
           5       0.91      0.95      0.93        77
           6       0.96      0.90      0.93        84
           7       0.92      0.91      0.91        85
           8       0.86      0.88      0.87        89
           9       0.95      0.93      0.94        80
          10       0.97      0.90      0.93        86
          11       0.86      0.97      0.91        65
          12       0.95      0.90      0.93        91
          13       0.90      0.90      0.90        78
          14       0.88      0.92      0.90        78
          15       0.90      0.96      0.93        95
          16       0.80      0.90      0.85        68
          17       0.87      0.89      0.88        80
          18       0.91      0.85      0.88        86
          19       0.82      0.92      0.87        71
          20       0.93      0.88      0.90        75
          21       0.89      0.84      0.87        58
          22       0.88      0.88      0.88        83
          23       0.96      0.92      0.94        97
          24       0.88      0.91      0.90        81
          25       0.91      0.85      0.88        79

    accuracy                           0.90      2080
   macro avg       0.90      0.90      0.90      2080
weighted avg       0.90      0.90      0.90      2080

r = 9:
              precision    recall  f1-score   support

           0       0.88      0.90      0.89        94
           1       0.88      0.87      0.88        79
           2       0.84      0.83      0.84        59
           3       0.94      0.86      0.90        79
           4       0.92      0.90      0.91        89
           5       0.85      0.93      0.89        73
           6       0.92      0.89      0.91        82
           7       0.92      0.89      0.90        87
           8       0.82      0.91      0.87        82
           9       0.94      0.95      0.94        77
          10       0.96      0.92      0.94        83
          11       0.85      0.89      0.87        70
          12       0.94      0.94      0.94        86
          13       0.96      0.83      0.89        90
          14       0.82      0.83      0.82        81
          15       0.88      0.89      0.89       100
          16       0.84      0.83      0.84        77
          17       0.89      0.92      0.91        79
          18       0.94      0.90      0.92        83
          19       0.81      0.93      0.86        69
          20       0.90      0.89      0.90        72
          21       0.82      0.85      0.83        53
          22       0.88      0.89      0.88        82
          23       0.90      0.94      0.92        89
          24       0.92      0.85      0.88        91
          25       0.89      0.89      0.89        74

    accuracy                           0.89      2080
   macro avg       0.89      0.89      0.89      2080
weighted avg       0.89      0.89      0.89      2080

