r = 0:
              precision    recall  f1-score   support

           0       0.80      1.00      0.89         4
           1       1.00      1.00      1.00         3
           2       1.00      1.00      1.00         4
           3       1.00      0.67      0.80         3
           4       0.80      0.80      0.80         5
           5       0.67      1.00      0.80         2
           6       1.00      0.75      0.86         4
           7       0.57      1.00      0.73         4
           8       1.00      0.50      0.67         6
           9       1.00      0.60      0.75         5
          10       0.60      0.60      0.60         5
          11       0.71      0.83      0.77         6
          12       1.00      1.00      1.00         8
          13       1.00      1.00      1.00         4
          14       0.75      1.00      0.86         3
          15       1.00      0.86      0.92         7
          16       0.40      1.00      0.57         2
          17       0.67      0.67      0.67         3
          18       1.00      1.00      1.00         1
          19       1.00      0.75      0.86         4
          20       0.80      1.00      0.89         4
          21       1.00      1.00      1.00         1
          22       1.00      0.75      0.86         4
          23       1.00      0.75      0.86         4
          24       1.00      0.50      0.67         4
          25       0.67      1.00      0.80         4

    accuracy                           0.83       104
   macro avg       0.86      0.85      0.83       104
weighted avg       0.88      0.83      0.83       104

r = 1:
              precision    recall  f1-score   support

           0       1.00      0.50      0.67         4
           1       0.80      1.00      0.89         4
           2       1.00      1.00      1.00         2
           3       0.50      1.00      0.67         2
           4       1.00      0.67      0.80         3
           5       1.00      1.00      1.00         2
           6       1.00      1.00      1.00         4
           7       1.00      1.00      1.00         6
           8       0.88      1.00      0.93         7
           9       0.00      0.00      0.00         0
          10       1.00      0.83      0.91         6
          11       1.00      1.00      1.00         4
          12       1.00      0.86      0.92         7
          13       1.00      1.00      1.00         4
          14       0.88      1.00      0.93         7
          15       1.00      0.40      0.57         5
          16       0.50      1.00      0.67         1
          17       0.67      0.67      0.67         3
          18       1.00      0.57      0.73         7
          19       0.40      1.00      0.57         2
          20       0.57      0.80      0.67         5
          21       1.00      0.67      0.80         3
          22       1.00      1.00      1.00         4
          23       1.00      0.67      0.80         3
          24       1.00      1.00      1.00         3
          25       0.83      0.83      0.83         6

    accuracy                           0.85       104
   macro avg       0.85      0.83      0.81       104
weighted avg       0.91      0.85      0.85       104

r = 2:
              precision    recall  f1-score   support

           0       1.00      1.00      1.00         1
           1       1.00      1.00      1.00         4
           2       1.00      1.00      1.00         6
           3       1.00      1.00      1.00         4
           4       1.00      1.00      1.00         2
           5       1.00      1.00      1.00         4
           6       1.00      0.67      0.80         3
           7       0.86      1.00      0.92         6
           8       0.83      0.83      0.83         6
           9       0.67      1.00      0.80         2
          10       0.83      1.00      0.91         5
          11       0.75      0.75      0.75         4
          12       0.60      0.60      0.60         5
          13       1.00      1.00      1.00         1
          14       1.00      1.00      1.00         3
          15       0.83      1.00      0.91         5
          16       1.00      0.50      0.67         6
          17       0.40      0.67      0.50         3
          18       1.00      0.80      0.89         5
          19       1.00      0.75      0.86         4
          20       0.43      0.75      0.55         4
          21       0.78      1.00      0.88         7
          22       1.00      0.50      0.67         2
          23       0.75      0.60      0.67         5
          24       1.00      0.50      0.67         6
          25       1.00      1.00      1.00         1

    accuracy                           0.83       104
   macro avg       0.87      0.84      0.84       104
weighted avg       0.86      0.83      0.83       104

r = 3:
              precision    recall  f1-score   support

           0       1.00      1.00      1.00         2
           1       1.00      1.00      1.00         1
           2       1.00      1.00      1.00         4
           3       1.00      1.00      1.00         3
           4       1.00      1.00      1.00         5
           5       1.00      0.67      0.80         6
           6       0.75      1.00      0.86         3
           7       1.00      1.00      1.00         5
           8       1.00      1.00      1.00         7
           9       1.00      0.67      0.80         3
          10       1.00      0.83      0.91         6
          11       0.50      1.00      0.67         1
          12       1.00      0.67      0.80         3
          13       0.86      0.75      0.80         8
          14       0.33      1.00      0.50         1
          15       1.00      0.75      0.86         4
          16       0.83      0.83      0.83         6
          17       0.60      0.75      0.67         4
          18       0.80      1.00      0.89         4
          19       0.67      1.00      0.80         2
          20       1.00      0.80      0.89         5
          21       0.80      0.80      0.80         5
          22       0.86      1.00      0.92         6
          23       1.00      1.00      1.00         6
          24       1.00      1.00      1.00         2
          25       1.00      1.00      1.00         3

    accuracy                           0.89       105
   macro avg       0.88      0.90      0.88       105
weighted avg       0.91      0.89      0.89       105

r = 4:
              precision    recall  f1-score   support

           0       1.00      0.50      0.67         2
           1       0.80      1.00      0.89         4
           2       1.00      1.00      1.00         3
           3       0.75      1.00      0.86         3
           4       1.00      1.00      1.00         3
           5       1.00      1.00      1.00         3
           6       1.00      0.83      0.91         6
           7       0.57      0.80      0.67         5
           8       0.67      1.00      0.80         2
           9       0.86      0.86      0.86         7
          10       1.00      0.50      0.67         4
          11       1.00      1.00      1.00         3
          12       0.67      1.00      0.80         2
          13       1.00      1.00      1.00         3
          14       1.00      1.00      1.00         5
          15       1.00      1.00      1.00         3
          16       1.00      0.80      0.89         5
          17       1.00      1.00      1.00         4
          18       1.00      0.82      0.90        11
          19       0.75      0.75      0.75         4
          20       0.83      1.00      0.91         5
          21       1.00      1.00      1.00         1
          22       1.00      1.00      1.00         2
          23       0.80      0.80      0.80         5
          24       1.00      1.00      1.00         4
          25       1.00      1.00      1.00         5

    accuracy                           0.89       104
   macro avg       0.91      0.91      0.90       104
weighted avg       0.91      0.89      0.89       104

r = 5:
              precision    recall  f1-score   support

           0       1.00      0.33      0.50         6
           1       0.71      1.00      0.83         5
           2       1.00      1.00      1.00         7
           3       0.67      0.67      0.67         6
           4       1.00      1.00      1.00         4
           5       1.00      1.00      1.00         3
           6       1.00      0.86      0.92         7
           7       0.67      0.67      0.67         3
           8       0.50      1.00      0.67         2
           9       1.00      1.00      1.00         2
          10       1.00      1.00      1.00         4
          11       0.60      1.00      0.75         3
          12       1.00      1.00      1.00         2
          13       0.67      1.00      0.80         2
          14       1.00      0.80      0.89         5
          15       1.00      0.67      0.80         6
          16       1.00      0.83      0.91         6
          17       0.67      1.00      0.80         2
          18       1.00      0.75      0.86         4
          19       1.00      1.00      1.00         2
          20       0.75      1.00      0.86         3
          21       0.50      0.67      0.57         3
          22       0.83      1.00      0.91         5
          23       1.00      0.67      0.80         3
          24       1.00      0.80      0.89         5
          25       0.80      1.00      0.89         4

    accuracy                           0.85       104
   macro avg       0.86      0.87      0.85       104
weighted avg       0.89      0.85      0.84       104

r = 6:
              precision    recall  f1-score   support

           0       0.33      1.00      0.50         1
           1       0.50      0.25      0.33         4
           2       0.00      0.00      0.00         0
           3       0.60      1.00      0.75         3
           4       1.00      0.50      0.67         6
           5       1.00      0.80      0.89         5
           6       1.00      1.00      1.00         2
           8       1.00      1.00      1.00         1
           9       1.00      1.00      1.00         1
          10       0.40      1.00      0.57         2
          12       1.00      0.80      0.89         5
          16       1.00      0.71      0.83         7
          19       0.80      1.00      0.89         4
          20       1.00      1.00      1.00         1
          22       1.00      1.00      1.00         6
          23       0.75      0.75      0.75         4
          24       0.50      0.50      0.50         4
          25       0.75      0.60      0.67         5

    accuracy                           0.75        61
   macro avg       0.76      0.77      0.74        61
weighted avg       0.83      0.75      0.77        61

r = 7:
              precision    recall  f1-score   support

           0       1.00      0.67      0.80         3
           1       0.80      1.00      0.89         4
           2       0.75      0.75      0.75         4
           3       1.00      1.00      1.00         4
           4       0.75      1.00      0.86         3
           5       1.00      0.67      0.80         3
           6       1.00      1.00      1.00         3
           7       1.00      1.00      1.00         5
           8       1.00      1.00      1.00         4
           9       1.00      1.00      1.00         2
          10       1.00      1.00      1.00         2
          11       1.00      0.67      0.80         3
          12       0.83      1.00      0.91         5
          13       1.00      0.80      0.89         5
          14       0.67      1.00      0.80         2
          15       1.00      1.00      1.00         7
          16       0.67      0.67      0.67         3
          17       1.00      1.00      1.00         3
          18       0.75      0.75      0.75         4
          19       1.00      1.00      1.00         8
          20       1.00      1.00      1.00         7
          21       1.00      1.00      1.00         4
          22       1.00      1.00      1.00         2
          23       0.78      1.00      0.88         7
          24       1.00      1.00      1.00         4
          25       1.00      0.50      0.67         4

    accuracy                           0.91       105
   macro avg       0.92      0.90      0.90       105
weighted avg       0.93      0.91      0.91       105

r = 8:
              precision    recall  f1-score   support

           0       1.00      1.00      1.00         4
           1       1.00      1.00      1.00         3
           2       1.00      1.00      1.00         2
           3       1.00      0.86      0.92         7
           4       1.00      0.75      0.86         4
           5       1.00      1.00      1.00         5
           6       1.00      0.86      0.92         7
           7       0.67      1.00      0.80         2
           8       1.00      0.67      0.80         3
           9       0.80      1.00      0.89         4
          10       1.00      1.00      1.00         4
          11       1.00      1.00      1.00         4
          12       1.00      0.83      0.91         6
          13       1.00      1.00      1.00         5
          14       0.75      1.00      0.86         3
          15       1.00      1.00      1.00         3
          16       0.75      1.00      0.86         3
          17       1.00      0.67      0.80         6
          18       1.00      1.00      1.00         6
          19       1.00      1.00      1.00         3
          20       0.75      0.75      0.75         4
          21       0.67      1.00      0.80         4
          22       1.00      1.00      1.00         3
          24       1.00      1.00      1.00         4
          25       0.83      1.00      0.91         5

    accuracy                           0.92       104
   macro avg       0.93      0.94      0.92       104
weighted avg       0.94      0.92      0.92       104

r = 9:
              precision    recall  f1-score   support

           0       1.00      1.00      1.00         1
           1       1.00      1.00      1.00         3
           2       1.00      0.67      0.80         3
           3       0.60      1.00      0.75         3
           4       1.00      1.00      1.00         7
           5       1.00      1.00      1.00         2
           6       1.00      1.00      1.00         3
           7       1.00      1.00      1.00         2
           8       0.75      1.00      0.86         3
           9       1.00      0.75      0.86         4
          10       1.00      1.00      1.00         5
          11       0.80      1.00      0.89         4
          12       0.75      0.50      0.60         6
          13       0.80      1.00      0.89         4
          14       0.75      1.00      0.86         3
          15       1.00      1.00      1.00         4
          16       0.75      0.43      0.55         7
          17       0.80      0.80      0.80         5
          18       1.00      0.67      0.80         6
          19       0.50      1.00      0.67         1
          20       1.00      1.00      1.00         4
          21       0.25      0.50      0.33         2
          22       0.75      1.00      0.86         3
          23       1.00      0.89      0.94         9
          24       0.67      0.67      0.67         3
          25       1.00      1.00      1.00         7

    accuracy                           0.86       104
   macro avg       0.85      0.88      0.85       104
weighted avg       0.88      0.86      0.86       104

