k = 1, r = 0:
              precision    recall  f1-score   support

           0       1.00      0.83      0.91         6
           1       0.88      1.00      0.93         7
           2       1.00      1.00      1.00        11
           3       1.00      1.00      1.00         9
           4       1.00      0.89      0.94         9
           5       0.90      1.00      0.95         9
           6       1.00      1.00      1.00         9
           7       1.00      1.00      1.00         8
           8       1.00      1.00      1.00         9
           9       1.00      1.00      1.00         8
          10       1.00      1.00      1.00         8
          11       1.00      1.00      1.00         9
          12       1.00      1.00      1.00         6
          13       1.00      1.00      1.00         9
          14       1.00      1.00      1.00         7
          15       1.00      1.00      1.00         5
          16       0.92      1.00      0.96        11
          17       1.00      0.88      0.93         8
          18       1.00      1.00      1.00         9
          19       1.00      1.00      1.00         8
          20       1.00      1.00      1.00         5
          21       1.00      1.00      1.00         4
          22       1.00      1.00      1.00        10
          23       1.00      1.00      1.00        10
          24       1.00      1.00      1.00         5
          25       1.00      1.00      1.00         9

    accuracy                           0.99       208
   macro avg       0.99      0.98      0.99       208
weighted avg       0.99      0.99      0.99       208

k = 1, r = 1:
              precision    recall  f1-score   support

           0       0.92      1.00      0.96        12
           1       1.00      0.62      0.77         8
           2       0.78      1.00      0.88         7
           3       0.89      1.00      0.94         8
           4       1.00      0.78      0.88         9
           5       0.91      1.00      0.95        10
           6       0.57      1.00      0.73         4
           7       1.00      0.75      0.86        12
           8       0.71      1.00      0.83         5
           9       1.00      0.67      0.80         9
          10       0.88      1.00      0.93         7
          11       1.00      1.00      1.00         7
          12       1.00      1.00      1.00         5
          13       1.00      1.00      1.00        10
          14       1.00      0.88      0.93         8
          15       0.62      1.00      0.77         5
          16       1.00      0.62      0.76        13
          17       0.70      1.00      0.82         7
          18       1.00      1.00      1.00         4
          19       1.00      1.00      1.00        10
          20       1.00      0.89      0.94         9
          21       0.70      1.00      0.82         7
          22       1.00      0.78      0.88         9
          23       1.00      1.00      1.00         9
          24       1.00      0.67      0.80         3
          25       0.88      1.00      0.93         7

    accuracy                           0.90       204
   macro avg       0.91      0.91      0.89       204
weighted avg       0.93      0.90      0.90       204

k = 1, r = 2:
              precision    recall  f1-score   support

           0       1.00      1.00      1.00         6
           1       1.00      1.00      1.00         7
           2       1.00      0.88      0.93         8
           3       0.88      1.00      0.93         7
           4       1.00      1.00      1.00         4
           5       1.00      1.00      1.00         6
           6       1.00      1.00      1.00         7
           7       1.00      1.00      1.00         8
           8       1.00      1.00      1.00         8
           9       1.00      1.00      1.00         9
          10       0.87      1.00      0.93        13
          11       0.88      0.78      0.82         9
          12       1.00      0.75      0.86         8
          13       0.80      1.00      0.89         4
          14       1.00      0.90      0.95        10
          15       0.83      0.83      0.83         6
          16       0.88      0.88      0.88         8
          17       0.88      1.00      0.93         7
          18       1.00      0.92      0.96        13
          19       0.86      0.86      0.86         7
          20       0.86      0.86      0.86         7
          21       0.91      0.91      0.91        11
          22       0.75      1.00      0.86         9
          23       1.00      0.73      0.84        11
          24       0.89      0.89      0.89         9
          25       0.86      1.00      0.92         6

    accuracy                           0.92       208
   macro avg       0.93      0.93      0.92       208
weighted avg       0.93      0.92      0.92       208

k = 1, r = 3:
              precision    recall  f1-score   support

           0       1.00      1.00      1.00         7
           1       1.00      1.00      1.00         8
           2       1.00      1.00      1.00         4
           3       1.00      1.00      1.00         7
           4       1.00      1.00      1.00         8
           5       1.00      1.00      1.00         7
           6       1.00      1.00      1.00         9
           7       1.00      1.00      1.00         6
           8       0.83      1.00      0.91        10
           9       1.00      0.82      0.90        11
          10       1.00      1.00      1.00         7
          11       1.00      1.00      1.00         6
          12       1.00      1.00      1.00        10
          13       1.00      0.71      0.83         7
          14       0.82      1.00      0.90         9
          15       1.00      1.00      1.00         7
          16       1.00      1.00      1.00         3
          17       1.00      1.00      1.00        12
          18       1.00      1.00      1.00         8
          19       1.00      0.88      0.93         8
          20       0.80      1.00      0.89         8
          21       1.00      0.86      0.92         7
          22       1.00      0.86      0.92         7
          23       0.90      1.00      0.95         9
          24       1.00      1.00      1.00        10
          25       1.00      1.00      1.00         9

    accuracy                           0.97       204
   macro avg       0.98      0.97      0.97       204
weighted avg       0.97      0.97      0.97       204

k = 1, r = 4:
              precision    recall  f1-score   support

           0       0.88      1.00      0.93         7
           1       1.00      1.00      1.00         9
           2       1.00      0.86      0.92         7
           3       0.80      1.00      0.89         8
           4       1.00      0.79      0.88        14
           5       0.75      1.00      0.86         6
           6       1.00      1.00      1.00         9
           7       0.89      0.89      0.89         9
           8       1.00      0.86      0.92        14
           9       0.91      1.00      0.95        10
          10       1.00      1.00      1.00         9
          11       1.00      0.89      0.94         9
          12       0.88      1.00      0.93         7
          13       1.00      1.00      1.00         7
          14       1.00      1.00      1.00        10
          15       1.00      0.73      0.84        11
          16       0.50      0.75      0.60         4
          17       0.80      1.00      0.89         4
          18       1.00      1.00      1.00         6
          19       0.86      1.00      0.92         6
          20       1.00      0.75      0.86         8
          21       0.83      1.00      0.91         5
          22       1.00      1.00      1.00         9
          23       1.00      1.00      1.00         7
          24       1.00      1.00      1.00         9
          25       1.00      1.00      1.00         7

    accuracy                           0.93       211
   macro avg       0.93      0.94      0.93       211
weighted avg       0.95      0.93      0.93       211

k = 1, r = 5:
              precision    recall  f1-score   support

           0       1.00      0.90      0.95        10
           1       0.80      1.00      0.89         8
           2       1.00      0.67      0.80         6
           3       0.86      0.75      0.80         8
           4       0.67      1.00      0.80         6
           5       1.00      0.91      0.95        11
           6       1.00      1.00      1.00         8
           7       1.00      1.00      1.00         3
           8       1.00      1.00      1.00         6
           9       1.00      1.00      1.00         7
          10       1.00      1.00      1.00         8
          11       1.00      1.00      1.00        10
          12       1.00      1.00      1.00        10
          13       1.00      0.75      0.86         4
          14       0.86      1.00      0.92         6
          15       1.00      0.78      0.88         9
          16       0.83      1.00      0.91        10
          17       0.91      1.00      0.95        10
          18       1.00      0.88      0.93         8
          19       1.00      0.91      0.95        11
          20       0.82      1.00      0.90         9
          21       1.00      0.75      0.86         8
          22       0.75      1.00      0.86         9
          23       0.90      0.82      0.86        11
          24       1.00      0.90      0.95        10
          25       1.00      1.00      1.00         6

    accuracy                           0.92       212
   macro avg       0.94      0.92      0.92       212
weighted avg       0.94      0.92      0.92       212

k = 1, r = 6:
              precision    recall  f1-score   support

           0       0.89      1.00      0.94         8
           1       1.00      0.83      0.91        12
           2       0.90      1.00      0.95         9
           3       1.00      1.00      1.00         7
           4       0.88      1.00      0.93         7
           5       1.00      0.89      0.94         9
           6       1.00      0.90      0.95        10
           7       0.86      1.00      0.92         6
           8       1.00      0.71      0.83         7
           9       0.82      1.00      0.90         9
          10       1.00      0.89      0.94         9
          11       0.75      1.00      0.86         3
          12       1.00      0.89      0.94         9
          13       0.94      0.94      0.94        17
          14       0.83      1.00      0.91         5
          15       1.00      1.00      1.00        10
          16       0.83      1.00      0.91         5
          17       1.00      0.85      0.92        13
          18       0.88      1.00      0.93         7
          19       0.88      1.00      0.93         7
          20       1.00      0.67      0.80         6
          21       0.88      1.00      0.93         7
          22       1.00      1.00      1.00         4
          23       0.80      1.00      0.89         4
          24       1.00      0.67      0.80        12
          25       0.75      1.00      0.86         9

    accuracy                           0.92       211
   macro avg       0.92      0.93      0.92       211
weighted avg       0.93      0.92      0.92       211

k = 1, r = 7:
              precision    recall  f1-score   support

           0       1.00      1.00      1.00         9
           1       1.00      1.00      1.00        10
           2       1.00      1.00      1.00         7
           3       0.91      1.00      0.95        10
           4       1.00      0.71      0.83         7
           5       0.88      0.78      0.82         9
           6       0.78      0.88      0.82         8
           7       0.90      1.00      0.95         9
           8       1.00      1.00      1.00         8
           9       0.88      1.00      0.93         7
          10       1.00      0.83      0.91        12
          11       0.88      1.00      0.93         7
          12       1.00      1.00      1.00         5
          13       1.00      1.00      1.00         5
          14       1.00      1.00      1.00        11
          15       1.00      1.00      1.00         9
          16       1.00      1.00      1.00         6
          17       1.00      1.00      1.00         8
          18       1.00      1.00      1.00        11
          19       1.00      1.00      1.00         7
          20       1.00      1.00      1.00         7
          21       1.00      1.00      1.00         7
          22       1.00      0.88      0.93         8
          23       0.86      1.00      0.92         6
          24       1.00      1.00      1.00         7
          25       1.00      1.00      1.00         8

    accuracy                           0.96       208
   macro avg       0.96      0.96      0.96       208
weighted avg       0.96      0.96      0.96       208

k = 1, r = 8:
              precision    recall  f1-score   support

           0       1.00      0.88      0.93         8
           1       0.91      0.91      0.91        11
           2       0.91      0.91      0.91        11
           3       0.67      1.00      0.80         2
           4       1.00      1.00      1.00         7
           5       1.00      1.00      1.00         6
           6       1.00      0.73      0.84        11
           7       0.73      1.00      0.84         8
           8       1.00      1.00      1.00         9
           9       1.00      0.90      0.95        10
          10       0.83      0.91      0.87        11
          11       0.89      0.80      0.84        10
          12       0.86      1.00      0.92        12
          13       1.00      1.00      1.00         8
          14       1.00      1.00      1.00         8
          15       1.00      0.86      0.92         7
          16       0.91      0.91      0.91        11
          17       1.00      1.00      1.00         9
          18       1.00      1.00      1.00         6
          19       1.00      1.00      1.00         6
          22       1.00      1.00      1.00         8
          23       0.90      1.00      0.95         9
          24       1.00      0.67      0.80         6
          25       0.90      1.00      0.95         9

    accuracy                           0.93       203
   macro avg       0.94      0.94      0.93       203
weighted avg       0.94      0.93      0.93       203

k = 1, r = 9:
              precision    recall  f1-score   support

           0       1.00      1.00      1.00         6
           1       1.00      1.00      1.00         8
           2       1.00      1.00      1.00         7
           3       0.90      1.00      0.95         9
           4       1.00      0.86      0.92         7
           5       1.00      1.00      1.00         7
           6       1.00      1.00      1.00         2
           7       1.00      1.00      1.00         8
           8       1.00      1.00      1.00        10
           9       1.00      1.00      1.00         9
          10       1.00      1.00      1.00         6
          11       1.00      1.00      1.00         8
          12       1.00      1.00      1.00         9
          13       1.00      0.86      0.92         7
          14       0.80      1.00      0.89         4
          15       1.00      1.00      1.00         7
          16       0.64      1.00      0.78         7
          17       1.00      0.71      0.83        14
          18       1.00      1.00      1.00         9
          19       1.00      0.92      0.96        13
          20       0.90      1.00      0.95         9
          21       1.00      1.00      1.00        11
          22       1.00      1.00      1.00         6
          23       1.00      0.89      0.94         9
          24       0.92      1.00      0.96        12
          25       1.00      1.00      1.00         8

    accuracy                           0.96       212
   macro avg       0.97      0.97      0.97       212
weighted avg       0.97      0.96      0.96       212

k = 2, r = 0:
              precision    recall  f1-score   support

           0       1.00      1.00      1.00         5
           1       1.00      1.00      1.00         8
           2       1.00      1.00      1.00         9
           3       1.00      0.89      0.94         9
           4       0.92      1.00      0.96        11
           5       1.00      1.00      1.00         7
           6       1.00      1.00      1.00        11
           7       1.00      1.00      1.00         9
           8       1.00      0.78      0.88         9
           9       0.78      0.88      0.82         8
          10       0.83      0.62      0.71         8
          11       0.73      0.89      0.80         9
          12       0.89      1.00      0.94         8
          13       1.00      1.00      1.00        10
          14       0.75      1.00      0.86         6
          15       1.00      0.75      0.86         8
          16       1.00      1.00      1.00         7
          17       1.00      0.89      0.94         9
          18       0.86      0.86      0.86         7
          19       0.83      0.83      0.83         6
          20       0.80      0.80      0.80         5
          21       0.88      0.88      0.88         8
          22       0.89      1.00      0.94         8
          23       1.00      1.00      1.00         4
          24       1.00      1.00      1.00         9
          25       1.00      1.00      1.00         6

    accuracy                           0.93       204
   macro avg       0.93      0.93      0.92       204
weighted avg       0.93      0.93      0.93       204

k = 2, r = 1:
              precision    recall  f1-score   support

           0       1.00      0.89      0.94         9
           1       0.88      1.00      0.93         7
           2       1.00      1.00      1.00         6
           3       1.00      1.00      1.00         9
           4       1.00      0.92      0.96        13
           5       0.91      0.83      0.87        12
           6       0.78      1.00      0.88         7
           7       1.00      0.75      0.86         4
           8       0.89      1.00      0.94         8
           9       1.00      0.86      0.92         7
          10       0.88      0.88      0.88         8
          11       0.83      0.83      0.83         6
          12       0.86      0.75      0.80         8
          13       0.71      1.00      0.83         5
          14       1.00      1.00      1.00        10
          15       1.00      0.91      0.95        11
          16       0.92      1.00      0.96        12
          17       1.00      1.00      1.00         7
          18       1.00      0.90      0.95        10
          19       0.80      0.80      0.80         5
          20       0.80      0.80      0.80         5
          21       0.83      1.00      0.91         5
          22       1.00      1.00      1.00        10
          23       1.00      0.83      0.91         6
          24       0.86      0.86      0.86         7
          25       0.88      1.00      0.93         7

    accuracy                           0.92       204
   macro avg       0.92      0.92      0.91       204
weighted avg       0.93      0.92      0.92       204

k = 2, r = 2:
              precision    recall  f1-score   support

           0       1.00      1.00      1.00         8
           1       1.00      0.92      0.96        12
           2       1.00      0.88      0.93         8
           3       0.90      1.00      0.95         9
           4       1.00      0.89      0.94         9
           5       0.93      0.87      0.90        15
           6       0.82      1.00      0.90         9
           7       1.00      1.00      1.00         2
           8       1.00      1.00      1.00         8
           9       1.00      0.80      0.89        10
          10       0.70      1.00      0.82         7
          11       1.00      0.82      0.90        11
          12       0.75      1.00      0.86         6
          13       1.00      0.90      0.95        10
          14       0.89      1.00      0.94         8
          15       1.00      0.75      0.86         8
          16       0.75      0.86      0.80         7
          17       0.88      1.00      0.93         7
          18       1.00      0.80      0.89        10
          19       0.75      0.86      0.80         7
          20       0.80      0.80      0.80         5
          21       0.75      0.75      0.75         4
          22       0.82      1.00      0.90         9
          23       1.00      0.67      0.80         6
          24       0.80      0.80      0.80         5
          25       0.80      1.00      0.89         4

    accuracy                           0.90       204
   macro avg       0.90      0.90      0.89       204
weighted avg       0.91      0.90      0.90       204

k = 2, r = 3:
              precision    recall  f1-score   support

           0       1.00      1.00      1.00        10
           1       1.00      0.90      0.95        10
           2       0.83      0.83      0.83         6
           3       0.91      0.91      0.91        11
           4       0.88      1.00      0.93         7
           5       1.00      1.00      1.00         7
           6       1.00      1.00      1.00         9
           7       1.00      0.67      0.80        12
           8       0.60      0.75      0.67         4
           9       0.90      1.00      0.95         9
          10       1.00      0.88      0.93         8
          11       0.83      1.00      0.91         5
          12       1.00      1.00      1.00         5
          13       1.00      0.83      0.91         6
          14       0.73      0.89      0.80         9
          15       0.86      1.00      0.92         6
          16       1.00      0.67      0.80         3
          17       0.90      0.90      0.90        10
          18       0.91      1.00      0.95        10
          19       1.00      1.00      1.00         8
          20       1.00      0.86      0.92         7
          21       0.89      0.80      0.84        10
          22       0.80      0.89      0.84         9
          23       0.88      1.00      0.93         7
          24       1.00      0.92      0.96        12
          25       0.89      1.00      0.94         8

    accuracy                           0.91       208
   macro avg       0.92      0.91      0.91       208
weighted avg       0.92      0.91      0.91       208

k = 2, r = 4:
              precision    recall  f1-score   support

           0       1.00      1.00      1.00         8
           1       1.00      0.75      0.86         8
           2       0.71      1.00      0.83         5
           3       1.00      0.67      0.80         9
           4       0.75      1.00      0.86         9
           5       1.00      0.88      0.93         8
           6       0.88      0.88      0.88         8
           7       0.89      0.89      0.89         9
           8       0.88      0.78      0.82         9
           9       0.78      1.00      0.88         7
          10       1.00      1.00      1.00         6
          11       1.00      1.00      1.00         1
          12       1.00      1.00      1.00         7
          13       1.00      1.00      1.00         9
          14       1.00      0.80      0.89        10
          15       0.78      1.00      0.88         7
          16       1.00      1.00      1.00         5
          17       1.00      0.80      0.89         5
          18       0.89      1.00      0.94         8
          19       1.00      0.89      0.94         9
          20       0.86      0.86      0.86         7
          21       0.90      1.00      0.95         9
          22       1.00      1.00      1.00        10
          23       1.00      1.00      1.00        11
          24       1.00      0.89      0.94         9
          25       0.92      1.00      0.96        11

    accuracy                           0.92       204
   macro avg       0.93      0.93      0.92       204
weighted avg       0.93      0.92      0.92       204

k = 2, r = 5:
              precision    recall  f1-score   support

           0       1.00      1.00      1.00         9
           1       1.00      0.92      0.96        12
           2       0.88      1.00      0.93         7
           3       1.00      1.00      1.00         9
           4       0.88      1.00      0.93         7
           5       1.00      0.88      0.93         8
           6       1.00      1.00      1.00         4
           7       1.00      0.88      0.93         8
           8       0.86      1.00      0.92         6
           9       1.00      0.88      0.93         8
          10       0.86      0.86      0.86         7
          11       0.89      1.00      0.94         8
          12       1.00      0.89      0.94         9
          13       0.89      1.00      0.94         8
          14       1.00      1.00      1.00        11
          15       1.00      1.00      1.00         5
          16       1.00      0.88      0.93         8
          17       0.91      0.83      0.87        12
          18       0.71      0.83      0.77         6
          19       0.93      0.87      0.90        15
          20       0.67      1.00      0.80         6
          21       1.00      0.50      0.67         4
          22       0.86      0.86      0.86         7
          23       0.89      1.00      0.94         8
          24       1.00      1.00      1.00         9
          25       1.00      1.00      1.00         7

    accuracy                           0.93       208
   macro avg       0.93      0.93      0.92       208
weighted avg       0.94      0.93      0.93       208

k = 2, r = 6:
              precision    recall  f1-score   support

           0       1.00      0.89      0.94         9
           1       0.89      1.00      0.94         8
           2       1.00      1.00      1.00         7
           3       1.00      1.00      1.00         4
           4       1.00      1.00      1.00         6
           5       1.00      1.00      1.00         8
           6       1.00      1.00      1.00        11
           7       1.00      0.93      0.97        15
           8       0.86      1.00      0.92         6
           9       1.00      0.92      0.96        13
          10       0.80      0.67      0.73         6
          11       0.57      1.00      0.73         4
          12       1.00      0.88      0.93         8
          13       1.00      0.80      0.89        15
          14       0.62      1.00      0.77         5
          15       1.00      0.88      0.93         8
          16       0.80      0.80      0.80         5
          17       0.89      1.00      0.94         8
          18       1.00      1.00      1.00         8
          19       1.00      1.00      1.00         2
          20       1.00      1.00      1.00        10
          21       1.00      1.00      1.00         7
          22       1.00      0.91      0.95        11
          23       0.83      1.00      0.91         5
          24       1.00      1.00      1.00         5
          25       1.00      1.00      1.00        10

    accuracy                           0.94       204
   macro avg       0.93      0.95      0.94       204
weighted avg       0.95      0.94      0.94       204

k = 2, r = 7:
              precision    recall  f1-score   support

           0       0.83      1.00      0.91        10
           1       1.00      0.75      0.86         8
           2       1.00      1.00      1.00         9
           3       1.00      0.71      0.83         7
           4       0.75      1.00      0.86         6
           5       1.00      0.88      0.93         8
           6       0.89      1.00      0.94         8
           7       1.00      0.78      0.88         9
           8       0.75      0.86      0.80         7
           9       1.00      1.00      1.00         5
          10       0.78      1.00      0.88         7
          11       0.80      0.80      0.80         5
          12       1.00      0.83      0.91         6
          13       0.90      1.00      0.95         9
          14       1.00      0.80      0.89        10
          15       0.91      0.83      0.87        12
          16       0.75      1.00      0.86         6
          17       1.00      0.91      0.95        11
          18       0.89      0.89      0.89         9
          19       0.88      0.88      0.88         8
          20       0.89      1.00      0.94         8
          21       1.00      0.90      0.95        10
          22       0.88      1.00      0.93         7
          23       1.00      1.00      1.00         9
          24       1.00      0.71      0.83         7
          25       0.80      1.00      0.89         8

    accuracy                           0.90       209
   macro avg       0.91      0.90      0.90       209
weighted avg       0.92      0.90      0.90       209

k = 2, r = 8:
              precision    recall  f1-score   support

           0       0.88      1.00      0.93         7
           1       1.00      0.57      0.73         7
           2       0.75      0.86      0.80         7
           3       0.90      1.00      0.95         9
           4       1.00      1.00      1.00         9
           5       1.00      1.00      1.00         8
           6       0.86      1.00      0.92         6
           7       1.00      0.67      0.80        12
           8       0.70      1.00      0.82         7
           9       0.89      1.00      0.94         8
          10       1.00      0.73      0.84        11
          11       0.71      0.71      0.71         7
          12       0.67      1.00      0.80         4
          13       1.00      0.89      0.94         9
          14       0.88      0.70      0.78        10
          15       0.73      1.00      0.84         8
          16       1.00      1.00      1.00         6
          17       1.00      1.00      1.00        10
          18       1.00      1.00      1.00        10
          19       1.00      0.88      0.93         8
          20       0.89      1.00      0.94         8
          21       1.00      0.88      0.93         8
          22       0.86      0.86      0.86         7
          23       0.86      1.00      0.92         6
          24       1.00      1.00      1.00         9
          25       1.00      1.00      1.00         7

    accuracy                           0.90       208
   macro avg       0.91      0.91      0.90       208
weighted avg       0.92      0.90      0.90       208

k = 2, r = 9:
              precision    recall  f1-score   support

           0       1.00      0.90      0.95        10
           1       0.88      1.00      0.93         7
           2       1.00      0.80      0.89        10
           3       0.80      1.00      0.89         8
           4       1.00      0.62      0.76        13
           5       0.38      0.75      0.50         4
           6       0.90      0.82      0.86        11
           7       0.89      1.00      0.94        17
           8       1.00      0.86      0.92         7
           9       0.86      1.00      0.92         6
          10       1.00      1.00      1.00        12
          11       1.00      0.91      0.95        11
          12       0.75      0.75      0.75         4
          13       0.90      1.00      0.95         9
          15       1.00      0.70      0.82        10
          16       0.67      1.00      0.80         6
          17       0.80      1.00      0.89         4
          18       1.00      0.75      0.86         8
          19       0.88      1.00      0.93         7
          20       1.00      0.75      0.86         8
          21       0.67      0.67      0.67         6
          22       0.80      1.00      0.89         8
          23       1.00      1.00      1.00         6
          24       1.00      0.86      0.92         7
          25       0.88      1.00      0.93         7

    accuracy                           0.88       206
   macro avg       0.88      0.88      0.87       206
weighted avg       0.91      0.88      0.89       206

k = 3, r = 0:
              precision    recall  f1-score   support

           0       0.90      1.00      0.95         9
           1       1.00      0.91      0.95        11
           2       1.00      1.00      1.00         8
           3       0.88      0.88      0.88         8
           4       0.80      0.80      0.80         5
           5       1.00      1.00      1.00         9
           6       1.00      1.00      1.00         5
           7       1.00      0.82      0.90        11
           8       0.50      1.00      0.67         4
           9       1.00      0.40      0.57         5
          10       0.75      1.00      0.86         3
          11       1.00      1.00      1.00         3
          12       1.00      0.80      0.89         5
          13       0.57      1.00      0.73         4
          14       1.00      0.83      0.91        12
          15       0.75      1.00      0.86         3
          16       1.00      0.75      0.86         4
          17       1.00      1.00      1.00         7
          18       1.00      1.00      1.00         8
          19       1.00      1.00      1.00         2
          20       1.00      1.00      1.00         3
          21       1.00      1.00      1.00         7
          22       1.00      1.00      1.00         4
          23       1.00      0.91      0.95        11
          24       0.83      1.00      0.91         5
          25       1.00      1.00      1.00         9

    accuracy                           0.92       165
   macro avg       0.92      0.93      0.91       165
weighted avg       0.95      0.92      0.92       165

k = 3, r = 1:
              precision    recall  f1-score   support

           0       1.00      1.00      1.00         9
           1       1.00      0.89      0.94         9
           2       0.80      1.00      0.89         4
           3       1.00      0.88      0.93         8
           4       0.80      1.00      0.89         4
           5       1.00      1.00      1.00         7
           6       0.88      1.00      0.93         7
           7       1.00      0.90      0.95        10
           8       1.00      1.00      1.00         8
           9       1.00      1.00      1.00         7
          10       0.80      1.00      0.89         4
          11       1.00      0.80      0.89         5
          12       1.00      0.90      0.95        10
          13       1.00      0.82      0.90        11
          14       0.85      0.85      0.85        13
          15       0.75      1.00      0.86         6
          16       1.00      0.82      0.90        11
          17       0.67      1.00      0.80         6
          18       1.00      0.83      0.91         6
          19       0.86      1.00      0.92         6
          20       1.00      0.86      0.92         7
          21       0.83      0.83      0.83         6
          22       0.90      0.90      0.90        10
          23       0.80      1.00      0.89        12
          24       1.00      0.82      0.90        11
          25       1.00      1.00      1.00         7

    accuracy                           0.92       204
   macro avg       0.92      0.93      0.92       204
weighted avg       0.93      0.92      0.92       204

k = 3, r = 2:
              precision    recall  f1-score   support

           0       1.00      1.00      1.00         9
           1       1.00      1.00      1.00         4
           2       1.00      1.00      1.00         8
           3       1.00      0.88      0.93         8
           4       0.91      1.00      0.95        10
           5       1.00      0.90      0.95        10
           6       0.86      1.00      0.92         6
           7       1.00      1.00      1.00         7
           8       1.00      1.00      1.00         7
           9       1.00      0.83      0.91         6
          10       0.83      1.00      0.91         5
          11       0.83      1.00      0.91         5
          12       1.00      0.91      0.95        11
          13       1.00      1.00      1.00        10
          14       0.67      1.00      0.80         6
          15       1.00      0.67      0.80        12
          16       0.86      1.00      0.92         6
          17       1.00      1.00      1.00        10
          18       1.00      0.78      0.88         9
          19       0.78      1.00      0.88         7
          20       1.00      0.80      0.89        10
          21       0.80      0.89      0.84         9
          22       0.88      1.00      0.93         7
          23       1.00      1.00      1.00         8
          24       1.00      1.00      1.00        13
          25       1.00      1.00      1.00         5

    accuracy                           0.94       208
   macro avg       0.94      0.95      0.94       208
weighted avg       0.95      0.94      0.94       208

k = 3, r = 3:
              precision    recall  f1-score   support

           0       1.00      0.83      0.91         6
           1       0.89      1.00      0.94         8
           2       0.00      0.00      0.00         2
           3       0.75      0.86      0.80         7
           4       0.83      1.00      0.91         5
           5       1.00      0.89      0.94         9
           6       0.88      1.00      0.93         7
           7       1.00      1.00      1.00         2
           8       1.00      0.25      0.40         4
           9       0.00      0.00      0.00         0
          10       1.00      0.91      0.95        11
          12       1.00      1.00      1.00         7
          13       1.00      1.00      1.00         1
          14       0.00      0.00      0.00         0
          16       1.00      0.82      0.90        11
          19       0.83      0.83      0.83         6
          20       0.40      1.00      0.57         2
          21       0.00      0.00      0.00         0
          22       0.83      0.62      0.71         8
          23       0.91      0.83      0.87        12
          24       0.90      0.90      0.90        10
          25       1.00      1.00      1.00         4

    accuracy                           0.85       122
   macro avg       0.74      0.72      0.71       122
weighted avg       0.90      0.85      0.86       122

k = 3, r = 4:
              precision    recall  f1-score   support

           0       1.00      1.00      1.00         8
           1       1.00      0.89      0.94         9
           2       0.50      1.00      0.67         2
           3       0.86      0.86      0.86         7
           4       1.00      0.88      0.93         8
           5       1.00      1.00      1.00        13
           6       1.00      0.90      0.95        10
           7       0.62      0.83      0.71         6
           8       0.86      0.75      0.80         8
           9       1.00      0.88      0.93         8
          10       1.00      0.89      0.94         9
          11       0.83      1.00      0.91         5
          12       1.00      0.90      0.95        10
          13       0.90      0.90      0.90        10
          14       0.88      0.88      0.88         8
          15       1.00      0.89      0.94         9
          16       0.90      1.00      0.95         9
          17       0.70      1.00      0.82         7
          18       1.00      0.43      0.60         7
          19       0.55      1.00      0.71         6
          20       1.00      0.80      0.89         5
          21       0.00      0.00      0.00         0
          22       1.00      0.78      0.88         9
          23       0.83      0.83      0.83         6
          24       1.00      1.00      1.00         7
          25       1.00      1.00      1.00         6

    accuracy                           0.89       192
   macro avg       0.86      0.86      0.85       192
weighted avg       0.92      0.89      0.90       192

k = 3, r = 5:
              precision    recall  f1-score   support

           0       1.00      0.91      0.95        11
           1       0.91      1.00      0.95        10
           2       1.00      0.88      0.93         8
           3       0.83      0.71      0.77         7
           4       0.75      1.00      0.86         6
           5       1.00      0.83      0.91         6
           6       0.89      1.00      0.94         8
           7       1.00      1.00      1.00         8
           8       1.00      1.00      1.00         9
           9       1.00      1.00      1.00         8
          10       0.88      1.00      0.93         7
          11       1.00      0.88      0.93         8
          12       1.00      1.00      1.00         8
          13       1.00      1.00      1.00         9
          14       1.00      1.00      1.00         8
          15       1.00      0.82      0.90        11
          16       0.78      1.00      0.88         7
          17       1.00      0.78      0.88         9
          18       0.85      0.92      0.88        12
          19       0.89      1.00      0.94         8
          20       1.00      1.00      1.00         7
          21       1.00      1.00      1.00         9
          22       1.00      1.00      1.00         3
          23       1.00      1.00      1.00         4
          24       1.00      1.00      1.00         7
          25       1.00      1.00      1.00        10

    accuracy                           0.95       208
   macro avg       0.95      0.95      0.95       208
weighted avg       0.95      0.95      0.95       208

k = 3, r = 6:
              precision    recall  f1-score   support

           0       0.89      1.00      0.94         8
           1       1.00      0.77      0.87        13
           2       0.75      1.00      0.86         9
           3       1.00      0.75      0.86         8
           4       0.89      1.00      0.94         8
           5       1.00      1.00      1.00         4
           6       1.00      1.00      1.00         9
           7       0.83      1.00      0.91         5
           8       1.00      0.80      0.89        10
           9       0.86      1.00      0.92         6
          10       1.00      0.75      0.86         4
          11       0.86      1.00      0.92         6
          12       0.91      1.00      0.95        10
          13       0.71      0.83      0.77         6
          14       1.00      0.78      0.88         9
          15       1.00      1.00      1.00         9
          16       1.00      0.82      0.90        11
          17       0.80      0.73      0.76        11
          18       0.83      0.83      0.83        12
          19       0.62      0.83      0.71         6
          20       0.90      1.00      0.95         9
          21       1.00      0.78      0.88         9
          22       0.71      1.00      0.83         5
          23       1.00      1.00      1.00         7
          24       0.89      1.00      0.94         8
          25       1.00      0.83      0.91         6

    accuracy                           0.89       208
   macro avg       0.90      0.90      0.90       208
weighted avg       0.91      0.89      0.89       208

k = 3, r = 7:
              precision    recall  f1-score   support

           0       1.00      1.00      1.00        10
           1       1.00      1.00      1.00         6
           2       1.00      1.00      1.00         9
           3       1.00      1.00      1.00         5
           4       1.00      0.88      0.93         8
           5       0.90      1.00      0.95         9
           6       1.00      1.00      1.00         8
           7       1.00      0.86      0.92         7
           8       0.89      1.00      0.94         8
           9       1.00      1.00      1.00         6
          10       1.00      0.80      0.89         5
          11       0.80      0.67      0.73         6
          12       0.85      0.92      0.88        12
          13       0.86      1.00      0.92         6
          14       1.00      1.00      1.00        10
          15       1.00      0.89      0.94         9
          16       0.90      0.90      0.90        10
          17       0.91      1.00      0.95        10
          18       1.00      0.91      0.95        11
          19       0.83      1.00      0.91         5
          20       1.00      1.00      1.00         5
          21       1.00      0.91      0.95        11
          22       0.83      0.83      0.83         6
          23       0.83      1.00      0.91         5
          24       1.00      1.00      1.00         6
          25       1.00      1.00      1.00        11

    accuracy                           0.95       204
   macro avg       0.95      0.94      0.94       204
weighted avg       0.95      0.95      0.95       204

k = 3, r = 8:
              precision    recall  f1-score   support

           0       1.00      1.00      1.00         7
           1       1.00      0.67      0.80         9
           2       0.64      1.00      0.78         9
           3       1.00      0.82      0.90        11
           4       0.71      1.00      0.83         5
           5       1.00      1.00      1.00         3
           6       1.00      1.00      1.00         7
           7       1.00      0.83      0.91         6
           8       0.83      1.00      0.91         5
           9       1.00      1.00      1.00         6
          10       1.00      0.89      0.94         9
          11       0.91      1.00      0.95        10
          12       1.00      0.62      0.76        13
          13       0.62      0.83      0.71         6
          14       1.00      1.00      1.00        10
          15       1.00      0.60      0.75        10
          16       0.54      1.00      0.70         7
          17       0.86      0.86      0.86         7
          18       1.00      0.75      0.86         8
          19       0.92      1.00      0.96        12
          20       0.70      0.88      0.78         8
          21       1.00      0.80      0.89        10
          22       1.00      1.00      1.00        11
          23       1.00      1.00      1.00         7
          24       1.00      1.00      1.00         5
          25       1.00      1.00      1.00         7

    accuracy                           0.89       208
   macro avg       0.91      0.91      0.90       208
weighted avg       0.92      0.89      0.89       208

k = 3, r = 9:
              precision    recall  f1-score   support

           0       1.00      1.00      1.00         5
           1       1.00      0.67      0.80         9
           2       0.71      0.71      0.71         7
           3       0.83      0.77      0.80        13
           4       0.56      1.00      0.71         5
           5       1.00      0.62      0.77         8
           6       0.88      1.00      0.93         7
           7       1.00      0.90      0.95        10
           8       0.40      1.00      0.57         4
           9       1.00      0.50      0.67         6
          10       1.00      1.00      1.00         2
          11       1.00      0.70      0.82        10
          12       0.57      0.80      0.67         5
          13       0.75      1.00      0.86         3
          14       1.00      1.00      1.00        11
          15       1.00      1.00      1.00         3
          16       1.00      1.00      1.00         2
          17       1.00      0.86      0.92         7
          18       0.89      1.00      0.94         8
          19       1.00      1.00      1.00         1
          20       0.57      1.00      0.73         4
          21       1.00      0.60      0.75        10
          22       0.88      1.00      0.93         7
          23       1.00      1.00      1.00         4
          24       1.00      0.75      0.86         4
          25       0.91      1.00      0.95        10

    accuracy                           0.85       165
   macro avg       0.88      0.88      0.86       165
weighted avg       0.90      0.85      0.85       165

k = 4, r = 0:
              precision    recall  f1-score   support

           0       1.00      1.00      1.00         8
           1       1.00      0.83      0.91         6
           2       0.86      0.75      0.80         8
           3       0.80      0.80      0.80        10
           4       0.71      0.62      0.67         8
           5       0.62      1.00      0.77         5
           6       1.00      0.83      0.91         6
           7       0.86      0.86      0.86         7
           8       0.60      1.00      0.75         6
           9       1.00      0.33      0.50         6
          10       0.50      1.00      0.67         3
          11       1.00      0.67      0.80         9
          12       0.75      1.00      0.86         3
          13       1.00      0.80      0.89         5
          14       0.86      0.86      0.86         7
          15       0.67      0.67      0.67         3
          16       0.67      1.00      0.80         2
          17       1.00      0.88      0.93         8
          18       0.88      0.88      0.88         8
          19       0.50      1.00      0.67         1
          20       1.00      1.00      1.00         3
          21       1.00      0.90      0.95        10
          22       0.88      1.00      0.93         7
          23       1.00      0.82      0.90        11
          24       0.71      1.00      0.83         5
          25       1.00      1.00      1.00        10

    accuracy                           0.85       165
   macro avg       0.84      0.87      0.83       165
weighted avg       0.88      0.85      0.85       165

k = 4, r = 1:
              precision    recall  f1-score   support

           0       1.00      1.00      1.00         5
           1       1.00      1.00      1.00         5
           2       1.00      1.00      1.00         7
           3       1.00      1.00      1.00         7
           4       1.00      0.88      0.93         8
           5       0.88      0.88      0.88         8
           6       0.88      0.88      0.88         8
           7       0.89      0.73      0.80        11
           8       0.62      0.62      0.62         8
           9       0.83      1.00      0.91         5
          10       1.00      0.60      0.75        10
          11       0.56      1.00      0.72         9
          12       1.00      0.75      0.86        12
          13       1.00      1.00      1.00         8
          14       1.00      0.88      0.93         8
          15       0.83      0.56      0.67         9
          16       0.70      0.78      0.74         9
          17       0.71      1.00      0.83         5
          18       1.00      0.67      0.80         9
          19       0.36      1.00      0.53         4
          20       1.00      0.71      0.83         7
          21       0.90      1.00      0.95         9
          22       1.00      1.00      1.00        12
          23       1.00      1.00      1.00         5
          24       1.00      0.88      0.93         8
          25       0.89      1.00      0.94         8

    accuracy                           0.86       204
   macro avg       0.89      0.88      0.87       204
weighted avg       0.90      0.86      0.86       204

k = 4, r = 2:
              precision    recall  f1-score   support

           0       1.00      1.00      1.00         8
           1       1.00      1.00      1.00         9
           2       1.00      0.50      0.67         6
           3       0.70      0.88      0.78         8
           4       0.83      1.00      0.91         5
           5       1.00      0.67      0.80         9
           6       0.70      1.00      0.82         7
           7       1.00      0.78      0.88         9
           8       0.89      1.00      0.94         8
           9       1.00      1.00      1.00        10
          10       1.00      0.88      0.93         8
          11       0.82      1.00      0.90         9
          12       1.00      1.00      1.00         9
          13       1.00      0.88      0.93         8
          14       0.67      0.86      0.75         7
          15       0.83      0.71      0.77         7
          16       0.89      1.00      0.94         8
          17       1.00      0.90      0.95        10
          18       0.83      0.50      0.62        10
          19       0.50      1.00      0.67         5
          20       1.00      0.70      0.82        10
          21       0.00      0.00      0.00         0
          22       1.00      0.86      0.92         7
          23       1.00      0.67      0.80         6
          24       0.60      0.60      0.60         5
          25       0.67      1.00      0.80         4

    accuracy                           0.85       192
   macro avg       0.84      0.82      0.82       192
weighted avg       0.90      0.85      0.86       192

k = 4, r = 3:
              precision    recall  f1-score   support

           0       0.89      0.80      0.84        10
           1       0.78      0.78      0.78         9
           2       0.80      1.00      0.89         8
           3       1.00      0.88      0.93         8
           4       0.67      1.00      0.80         2
           5       1.00      1.00      1.00         8
           6       1.00      0.88      0.93         8
           7       0.79      1.00      0.88        11
           8       1.00      0.77      0.87        13
           9       0.89      1.00      0.94         8
          10       1.00      0.83      0.91         6
          11       0.82      1.00      0.90         9
          12       1.00      0.44      0.62         9
          13       0.60      0.75      0.67         8
          14       0.80      0.89      0.84         9
          15       0.86      0.86      0.86         7
          16       1.00      1.00      1.00         4
          17       1.00      1.00      1.00         5
          18       1.00      0.60      0.75         5
          19       0.71      1.00      0.83         5
          20       1.00      0.88      0.93         8
          21       0.89      1.00      0.94         8
          22       1.00      1.00      1.00         8
          23       1.00      0.78      0.88         9
          24       0.83      1.00      0.91        10
          25       1.00      1.00      1.00         9

    accuracy                           0.88       204
   macro avg       0.90      0.89      0.88       204
weighted avg       0.90      0.88      0.88       204

k = 4, r = 4:
              precision    recall  f1-score   support

           0       0.90      1.00      0.95         9
           1       1.00      0.92      0.96        12
           2       0.88      1.00      0.93         7
           3       1.00      1.00      1.00         7
           4       1.00      0.88      0.93         8
           5       0.80      0.80      0.80         5
           6       0.88      0.70      0.78        10
           7       0.78      0.78      0.78         9
           8       0.80      0.80      0.80        10
           9       0.80      1.00      0.89         8
          10       1.00      1.00      1.00         7
          11       1.00      0.58      0.74        12
          12       0.50      1.00      0.67         5
          13       1.00      0.87      0.93        15
          14       0.78      1.00      0.88         7
          15       1.00      0.91      0.95        11
          16       0.88      1.00      0.93         7
          17       1.00      0.80      0.89        10
          18       0.71      1.00      0.83         5
          19       1.00      0.83      0.91         6
          20       0.88      1.00      0.93         7
          21       1.00      0.86      0.92         7
          22       0.75      0.60      0.67         5
          23       0.78      1.00      0.88         7
          24       1.00      0.89      0.94         9
          25       0.86      1.00      0.92         6

    accuracy                           0.88       211
   macro avg       0.88      0.89      0.88       211
weighted avg       0.90      0.88      0.88       211

k = 4, r = 5:
              precision    recall  f1-score   support

           0       0.75      1.00      0.86         6
           1       1.00      0.71      0.83        14
           2       0.62      0.62      0.62         8
           3       0.70      0.88      0.78         8
           4       1.00      1.00      1.00         9
           5       1.00      0.80      0.89         5
           6       0.90      1.00      0.95         9
           7       1.00      1.00      1.00        13
           8       1.00      1.00      1.00         8
           9       1.00      1.00      1.00         9
          10       1.00      0.92      0.96        12
          11       0.83      0.83      0.83         6
          12       0.86      0.86      0.86         7
          13       0.86      0.86      0.86         7
          14       0.00      0.00      0.00         0
          15       1.00      1.00      1.00        10
          16       1.00      1.00      1.00        11
          17       1.00      1.00      1.00         3
          18       1.00      1.00      1.00         6
          19       1.00      0.67      0.80         9
          20       0.70      0.70      0.70        10
          21       0.40      1.00      0.57         2
          22       1.00      1.00      1.00         6
          23       1.00      0.87      0.93        15
          24       0.78      1.00      0.88         7
          25       1.00      1.00      1.00         6

    accuracy                           0.90       206
   macro avg       0.86      0.87      0.86       206
weighted avg       0.92      0.90      0.90       206

k = 4, r = 6:
              precision    recall  f1-score   support

           0       1.00      1.00      1.00        10
           1       1.00      0.90      0.95        10
           2       0.50      1.00      0.67         1
           3       1.00      0.77      0.87        13
           4       0.67      1.00      0.80         6
           5       1.00      0.83      0.91         6
           6       0.75      0.75      0.75         4
           7       0.67      0.67      0.67         3
           8       0.75      1.00      0.86         3
           9       1.00      1.00      1.00         1
          10       1.00      0.88      0.93         8
          12       0.91      1.00      0.95        10
          13       1.00      1.00      1.00         2
          14       0.00      0.00      0.00         0
          16       1.00      0.71      0.83         7
          19       0.92      0.85      0.88        13
          20       0.50      1.00      0.67         2
          22       1.00      0.86      0.92         7
          23       0.86      1.00      0.92         6
          24       1.00      1.00      1.00         4
          25       1.00      1.00      1.00         6

    accuracy                           0.89       122
   macro avg       0.83      0.87      0.84       122
weighted avg       0.93      0.89      0.90       122

k = 4, r = 7:
              precision    recall  f1-score   support

           0       1.00      1.00      1.00         9
           1       1.00      0.83      0.91        12
           2       0.78      0.78      0.78         9
           3       0.82      0.90      0.86        10
           4       0.92      1.00      0.96        11
           5       1.00      1.00      1.00         5
           6       1.00      0.89      0.94         9
           7       0.93      1.00      0.97        14
           8       1.00      0.91      0.95        11
           9       0.90      1.00      0.95         9
          10       1.00      0.92      0.96        13
          11       0.88      0.88      0.88         8
          12       0.75      0.50      0.60         6
          13       0.57      0.80      0.67         5
          14       0.00      0.00      0.00         0
          15       1.00      1.00      1.00         6
          16       1.00      1.00      1.00         6
          17       1.00      0.71      0.83         7
          18       0.80      1.00      0.89         8
          19       1.00      1.00      1.00         8
          20       1.00      0.80      0.89        10
          21       0.60      0.75      0.67         4
          22       0.83      1.00      0.91         5
          23       1.00      1.00      1.00         9
          24       1.00      0.80      0.89         5
          25       0.88      1.00      0.93         7

    accuracy                           0.91       206
   macro avg       0.87      0.86      0.86       206
weighted avg       0.92      0.91      0.91       206

k = 4, r = 8:
              precision    recall  f1-score   support

           0       1.00      1.00      1.00         9
           1       1.00      0.71      0.83         7
           2       0.67      0.80      0.73         5
           3       0.88      0.78      0.82         9
           4       0.78      0.78      0.78         9
           5       0.80      1.00      0.89         8
           6       1.00      0.89      0.94         9
           7       0.86      0.86      0.86         7
           8       0.86      0.75      0.80         8
           9       0.75      0.67      0.71         9
          10       0.70      0.78      0.74         9
          11       0.83      0.91      0.87        11
          12       0.90      1.00      0.95         9
          13       1.00      1.00      1.00         7
          14       1.00      1.00      1.00         6
          15       1.00      0.86      0.92        14
          16       0.60      1.00      0.75         3
          17       1.00      1.00      1.00         7
          18       1.00      1.00      1.00         9
          19       1.00      0.90      0.95        10
          20       0.91      1.00      0.95        10
          21       1.00      1.00      1.00         7
          22       1.00      1.00      1.00         7
          23       1.00      1.00      1.00         7
          24       1.00      0.89      0.94         9
          25       0.83      1.00      0.91         5

    accuracy                           0.90       210
   macro avg       0.90      0.91      0.90       210
weighted avg       0.91      0.90      0.90       210

k = 4, r = 9:
              precision    recall  f1-score   support

           0       1.00      0.89      0.94         9
           1       0.88      1.00      0.93         7
           2       1.00      0.88      0.93         8
           3       0.83      0.83      0.83         6
           4       0.89      1.00      0.94         8
           5       1.00      1.00      1.00         9
           6       1.00      0.83      0.91         6
           7       0.89      0.80      0.84        10
           8       0.80      0.67      0.73         6
           9       0.75      0.86      0.80         7
          10       0.88      0.88      0.88         8
          11       0.86      0.67      0.75         9
          12       0.70      1.00      0.82         7
          13       1.00      0.83      0.91         6
          14       0.78      0.88      0.82         8
          15       1.00      0.88      0.93         8
          16       0.83      0.83      0.83         6
          17       0.93      0.93      0.93        14
          18       0.80      1.00      0.89         4
          19       1.00      1.00      1.00         7
          20       1.00      0.75      0.86        12
          21       0.69      1.00      0.82         9
          22       1.00      1.00      1.00         7
          23       1.00      0.80      0.89        10
          24       0.78      0.88      0.82         8
          25       0.90      1.00      0.95         9

    accuracy                           0.88       208
   macro avg       0.89      0.89      0.88       208
weighted avg       0.90      0.88      0.88       208

k = 5, r = 0:
              precision    recall  f1-score   support

           0       0.71      1.00      0.83         5
           1       1.00      0.83      0.91        12
           2       1.00      1.00      1.00         8
           3       0.89      0.89      0.89         9
           4       0.67      0.86      0.75         7
           5       1.00      0.43      0.60         7
           6       0.86      0.75      0.80         8
           7       0.75      1.00      0.86         6
           8       0.88      1.00      0.93         7
           9       0.67      0.86      0.75         7
          10       1.00      0.50      0.67        12
          11       0.67      1.00      0.80         6
          12       1.00      1.00      1.00         9
          13       1.00      0.90      0.95        10
          14       0.83      0.83      0.83         6
          15       0.86      1.00      0.92         6
          16       1.00      0.88      0.93         8
          17       0.89      1.00      0.94         8
          18       0.83      1.00      0.91         5
          19       1.00      0.91      0.95        11
          20       0.80      0.33      0.47        12
          21       0.78      0.88      0.82         8
          22       0.46      1.00      0.63         6
          23       0.67      0.80      0.73        10
          24       0.88      1.00      0.93         7
          25       1.00      0.67      0.80         9

    accuracy                           0.83       209
   macro avg       0.85      0.86      0.83       209
weighted avg       0.87      0.83      0.83       209

k = 5, r = 1:
              precision    recall  f1-score   support

           0       1.00      1.00      1.00        10
           1       1.00      1.00      1.00         7
           2       1.00      1.00      1.00         8
           3       1.00      0.89      0.94         9
           4       0.90      1.00      0.95         9
           5       1.00      0.78      0.88         9
           6       0.80      0.80      0.80        10
           7       0.80      1.00      0.89         8
           8       1.00      0.88      0.93         8
           9       0.90      1.00      0.95         9
          10       0.83      1.00      0.91         5
          11       1.00      0.88      0.93         8
          12       1.00      0.80      0.89        10
          13       0.75      1.00      0.86         6
          14       1.00      0.75      0.86         8
          15       0.80      1.00      0.89         8
          16       1.00      1.00      1.00         6
          17       1.00      1.00      1.00         6
          18       1.00      0.89      0.94         9
          19       0.88      1.00      0.93         7
          20       1.00      0.88      0.93         8
          21       0.89      1.00      0.94         8
          22       1.00      0.90      0.95        10
          23       0.83      0.71      0.77         7
          24       0.71      0.83      0.77         6
          25       0.90      1.00      0.95         9

    accuracy                           0.92       208
   macro avg       0.92      0.92      0.92       208
weighted avg       0.93      0.92      0.92       208

k = 5, r = 2:
              precision    recall  f1-score   support

           0       0.11      1.00      0.20         1
           1       1.00      0.44      0.61        16
           2       0.91      0.83      0.87        12
           3       0.80      0.73      0.76        11
           4       0.70      0.88      0.78         8
           5       0.89      0.89      0.89         9
           6       0.86      0.86      0.86         7
           7       0.78      1.00      0.88         7
           8       1.00      0.88      0.93         8
           9       1.00      1.00      1.00         5
          10       1.00      0.91      0.95        11
          11       0.86      0.86      0.86         7
          12       0.88      0.78      0.82         9
          13       0.82      1.00      0.90         9
          14       1.00      1.00      1.00         6
          15       1.00      1.00      1.00         9
          16       1.00      0.89      0.94         9
          17       0.89      1.00      0.94         8
          18       1.00      1.00      1.00         7
          19       1.00      0.82      0.90        11
          20       0.78      1.00      0.88         7
          21       1.00      1.00      1.00         5
          22       1.00      1.00      1.00        10
          23       1.00      1.00      1.00         4
          24       1.00      1.00      1.00        10
          25       1.00      1.00      1.00         5

    accuracy                           0.88       211
   macro avg       0.89      0.91      0.88       211
weighted avg       0.92      0.88      0.89       211

k = 5, r = 3:
              precision    recall  f1-score   support

           0       1.00      1.00      1.00         9
           1       1.00      0.89      0.94         9
           2       0.00      0.00      0.00         2
           3       0.75      1.00      0.86         6
           4       1.00      0.83      0.91        12
           5       0.67      1.00      0.80         4
           6       1.00      0.56      0.71         9
           7       0.50      0.86      0.63         7
           8       1.00      0.62      0.76        13
           9       1.00      1.00      1.00         5
          10       1.00      0.86      0.92         7
          11       0.83      0.83      0.83         6
          12       0.82      0.82      0.82        11
          13       0.78      0.88      0.82         8
          14       0.86      1.00      0.92         6
          15       1.00      1.00      1.00        10
          16       1.00      0.71      0.83         7
          17       0.67      1.00      0.80         4
          18       0.62      1.00      0.77         5
          19       0.83      0.71      0.77         7
          20       1.00      0.50      0.67        14
          21       0.00      0.00      0.00         0
          22       0.67      1.00      0.80         8
          23       0.75      0.60      0.67         5
          24       0.78      0.88      0.82         8
          25       1.00      0.80      0.89        10

    accuracy                           0.81       192
   macro avg       0.79      0.78      0.77       192
weighted avg       0.87      0.81      0.82       192

k = 5, r = 4:
              precision    recall  f1-score   support

           0       1.00      1.00      1.00        10
           1       0.91      1.00      0.95        10
           2       1.00      0.90      0.95        10
           3       1.00      1.00      1.00        10
           4       1.00      1.00      1.00         6
           5       1.00      1.00      1.00         7
           6       1.00      1.00      1.00         9
           7       1.00      0.80      0.89        10
           8       0.80      0.89      0.84         9
           9       0.83      0.71      0.77         7
          10       0.71      1.00      0.83         5
          11       1.00      1.00      1.00         7
          12       1.00      0.89      0.94         9
          13       0.88      1.00      0.93         7
          14       1.00      0.89      0.94         9
          15       0.89      0.80      0.84        10
          16       0.80      0.80      0.80         5
          17       1.00      1.00      1.00         8
          18       0.80      0.80      0.80        10
          19       0.71      1.00      0.83         5
          20       0.86      1.00      0.92         6
          21       1.00      0.86      0.92         7
          22       1.00      1.00      1.00         8
          23       1.00      1.00      1.00         8
          24       1.00      1.00      1.00         7
          25       1.00      1.00      1.00         9

    accuracy                           0.93       208
   macro avg       0.93      0.94      0.93       208
weighted avg       0.94      0.93      0.93       208

k = 5, r = 5:
              precision    recall  f1-score   support

           0       1.00      1.00      1.00         8
           1       1.00      1.00      1.00         5
           2       1.00      0.92      0.96        12
           3       0.89      0.89      0.89         9
           4       0.88      1.00      0.93         7
           5       1.00      1.00      1.00        11
           6       1.00      0.75      0.86         8
           7       0.75      1.00      0.86         6
           8       1.00      1.00      1.00         5
           9       1.00      0.90      0.95        10
          10       0.90      0.90      0.90        10
          11       0.89      0.89      0.89         9
          12       0.91      1.00      0.95        10
          13       1.00      0.90      0.95        10
          14       0.60      1.00      0.75         6
          15       1.00      0.79      0.88        14
          16       1.00      1.00      1.00        10
          17       1.00      0.83      0.91        12
          18       0.80      0.80      0.80        10
          19       0.75      1.00      0.86         6
          22       1.00      1.00      1.00         6
          23       1.00      1.00      1.00         6
          24       1.00      0.90      0.95        10
          25       0.75      1.00      0.86         3

    accuracy                           0.92       203
   macro avg       0.92      0.94      0.92       203
weighted avg       0.94      0.92      0.92       203

k = 5, r = 6:
              precision    recall  f1-score   support

           0       1.00      1.00      1.00         7
           1       0.88      1.00      0.93         7
           2       1.00      0.71      0.83         7
           3       0.75      0.86      0.80         7
           4       0.90      1.00      0.95         9
           5       1.00      1.00      1.00         7
           6       1.00      0.78      0.88         9
           7       0.82      1.00      0.90         9
           8       1.00      0.90      0.95        10
           9       1.00      1.00      1.00         6
          10       1.00      0.73      0.84        11
          11       0.67      0.75      0.71         8
          12       0.73      1.00      0.85        11
          13       1.00      0.70      0.82        10
          14       0.56      1.00      0.71         5
          15       1.00      0.69      0.82        13
          16       0.85      0.73      0.79        15
          17       0.62      0.71      0.67         7
          18       0.75      1.00      0.86         6
          19       1.00      0.75      0.86         8
          22       0.80      1.00      0.89         8
          23       1.00      1.00      1.00         7
          24       1.00      0.75      0.86        12
          25       0.57      1.00      0.73         4

    accuracy                           0.86       203
   macro avg       0.87      0.88      0.86       203
weighted avg       0.89      0.86      0.86       203

k = 5, r = 7:
              precision    recall  f1-score   support

           0       1.00      0.75      0.86         8
           1       0.80      1.00      0.89         8
           2       1.00      0.90      0.95        10
           3       0.80      0.80      0.80         5
           4       0.88      0.70      0.78        10
           5       0.62      0.56      0.59         9
           6       0.64      0.88      0.74         8
           7       0.83      1.00      0.91         5
           8       1.00      1.00      1.00         4
           9       1.00      0.77      0.87        13
          10       0.55      1.00      0.71         6
          11       1.00      0.85      0.92        13
          12       0.91      1.00      0.95        10
          13       1.00      0.89      0.94         9
          14       1.00      0.88      0.93         8
          15       0.36      1.00      0.53         5
          16       0.75      0.43      0.55        14
          17       1.00      0.71      0.83         7
          18       1.00      1.00      1.00         5
          19       1.00      1.00      1.00         7
          20       1.00      0.80      0.89        10
          21       0.78      0.88      0.82         8
          22       0.88      1.00      0.93         7
          23       1.00      1.00      1.00         5
          24       1.00      1.00      1.00         6
          25       1.00      1.00      1.00         8

    accuracy                           0.85       208
   macro avg       0.88      0.88      0.86       208
weighted avg       0.88      0.85      0.85       208

k = 5, r = 8:
              precision    recall  f1-score   support

           0       1.00      0.89      0.94         9
           1       0.92      0.92      0.92        13
           2       0.88      0.88      0.88         8
           3       0.89      1.00      0.94         8
           4       1.00      1.00      1.00         7
           5       1.00      0.70      0.82        10
           6       0.57      0.80      0.67         5
           7       0.88      0.70      0.78        10
           8       0.91      0.91      0.91        11
           9       0.92      1.00      0.96        11
          10       0.90      1.00      0.95         9
          11       1.00      0.89      0.94         9
          12       1.00      1.00      1.00         6
          13       1.00      1.00      1.00         6
          14       0.78      1.00      0.88         7
          15       1.00      0.80      0.89        10
          16       0.60      0.75      0.67         4
          17       0.89      1.00      0.94         8
          18       1.00      0.86      0.92         7
          19       0.88      1.00      0.93         7
          20       1.00      1.00      1.00         5
          21       1.00      1.00      1.00         5
          22       1.00      0.88      0.93         8
          23       0.78      1.00      0.88         7
          24       1.00      0.90      0.95        10
          25       1.00      1.00      1.00         8

    accuracy                           0.91       208
   macro avg       0.91      0.92      0.91       208
weighted avg       0.93      0.91      0.91       208

k = 5, r = 9:
              precision    recall  f1-score   support

           0       1.00      0.86      0.92         7
           1       0.92      0.92      0.92        12
           2       0.88      0.88      0.88         8
           3       0.91      1.00      0.95        10
           4       1.00      1.00      1.00         7
           5       1.00      1.00      1.00         6
           6       1.00      0.82      0.90        11
           7       0.80      1.00      0.89         8
           8       0.92      1.00      0.96        11
           9       1.00      0.88      0.93         8
          10       1.00      1.00      1.00         9
          11       1.00      1.00      1.00         7
          12       1.00      1.00      1.00         6
          13       1.00      1.00      1.00         5
          14       1.00      0.82      0.90        11
          15       0.78      0.88      0.82         8
          16       0.86      0.86      0.86         7
          17       0.86      0.86      0.86         7
          18       0.89      1.00      0.94         8
          19       1.00      0.91      0.95        11
          20       0.86      0.75      0.80         8
          21       0.75      0.86      0.80         7
          22       0.75      0.50      0.60         6
          23       0.62      0.83      0.71         6
          24       0.86      0.75      0.80         8
          25       0.75      1.00      0.86         6

    accuracy                           0.90       208
   macro avg       0.90      0.90      0.89       208
weighted avg       0.91      0.90      0.90       208

