r = 0:
              precision    recall  f1-score   support

           0       0.83      1.00      0.91         5
           1       1.00      1.00      1.00         4
           2       1.00      1.00      1.00         7
           3       1.00      1.00      1.00         3
           4       0.50      1.00      0.67         1
           5       1.00      0.67      0.80         3
           6       1.00      0.80      0.89         5
           7       0.50      1.00      0.67         1
           8       1.00      0.80      0.89         5
           9       0.86      0.86      0.86         7
          10       1.00      1.00      1.00         7
          11       1.00      1.00      1.00         9
          12       1.00      0.67      0.80         3
          13       0.80      1.00      0.89         4
          14       1.00      1.00      1.00         4
          15       1.00      1.00      1.00         2
          17       1.00      1.00      1.00         3
          18       1.00      1.00      1.00         3
          19       1.00      1.00      1.00         6
          20       1.00      1.00      1.00         7
          22       1.00      1.00      1.00         1
          23       1.00      1.00      1.00         3
          24       1.00      1.00      1.00         6
          25       1.00      1.00      1.00         3

    accuracy                           0.95       102
   macro avg       0.94      0.95      0.93       102
weighted avg       0.96      0.95      0.95       102

r = 1:
              precision    recall  f1-score   support

           0       1.00      1.00      1.00         6
           1       1.00      1.00      1.00         5
           2       1.00      0.50      0.67         2
           3       0.50      1.00      0.67         1
           4       1.00      1.00      1.00         3
           5       1.00      1.00      1.00         3
           6       1.00      1.00      1.00         4
           7       1.00      1.00      1.00         3
           8       1.00      1.00      1.00         3
           9       1.00      1.00      1.00         4
          10       1.00      1.00      1.00         3
          11       1.00      1.00      1.00         1
          12       1.00      0.83      0.91         6
          13       0.75      1.00      0.86         3
          14       1.00      1.00      1.00         4
          15       1.00      1.00      1.00         5
          16       1.00      1.00      1.00         6
          17       1.00      1.00      1.00         4
          18       1.00      1.00      1.00         6
          19       1.00      1.00      1.00         7
          20       1.00      1.00      1.00         6
          21       1.00      0.80      0.89         5
          22       0.80      1.00      0.89         4
          23       1.00      1.00      1.00         2
          24       1.00      1.00      1.00         2
          25       1.00      1.00      1.00         6

    accuracy                           0.97       104
   macro avg       0.96      0.97      0.96       104
weighted avg       0.98      0.97      0.97       104

r = 2:
              precision    recall  f1-score   support

           0       1.00      0.86      0.92         7
           1       0.75      1.00      0.86         3
           2       1.00      1.00      1.00         2
           3       1.00      1.00      1.00         4
           4       1.00      1.00      1.00         4
           5       1.00      0.67      0.80         3
           6       0.80      1.00      0.89         4
           7       1.00      1.00      1.00         8
           8       1.00      1.00      1.00         3
           9       1.00      1.00      1.00         5
          10       1.00      1.00      1.00         3
          11       1.00      1.00      1.00         3
          12       1.00      0.88      0.93         8
          13       1.00      0.67      0.80         3
          14       0.00      0.00      0.00         0
          15       1.00      1.00      1.00         5
          16       1.00      1.00      1.00         2
          17       0.67      1.00      0.80         2
          18       1.00      0.89      0.94         9
          19       1.00      1.00      1.00         5
          20       1.00      0.67      0.80         3
          21       0.50      1.00      0.67         1
          22       1.00      1.00      1.00         2
          23       0.83      0.71      0.77         7
          24       0.71      1.00      0.83         5
          25       1.00      1.00      1.00         2

    accuracy                           0.92       103
   macro avg       0.89      0.90      0.89       103
weighted avg       0.95      0.92      0.93       103

r = 3:
              precision    recall  f1-score   support

           0       1.00      1.00      1.00         2
           1       1.00      1.00      1.00         6
           2       1.00      1.00      1.00         3
           3       1.00      1.00      1.00         2
           4       1.00      1.00      1.00         6
           5       1.00      1.00      1.00         2
           6       1.00      1.00      1.00         1
           7       1.00      1.00      1.00        10
           8       1.00      1.00      1.00         2
           9       1.00      1.00      1.00         2
          10       0.86      1.00      0.92         6
          11       1.00      0.75      0.86         4
          12       1.00      1.00      1.00         7
          13       1.00      1.00      1.00         1
          15       1.00      1.00      1.00         4
          16       1.00      1.00      1.00         7
          17       1.00      1.00      1.00         2
          18       1.00      1.00      1.00         4
          19       1.00      1.00      1.00         6
          20       1.00      1.00      1.00         6
          21       1.00      0.50      0.67         4
          22       0.62      1.00      0.77         5
          23       1.00      0.86      0.92         7
          24       1.00      1.00      1.00         2
          25       1.00      1.00      1.00         2

    accuracy                           0.96       103
   macro avg       0.98      0.96      0.97       103
weighted avg       0.97      0.96      0.96       103

r = 4:
              precision    recall  f1-score   support

           0       0.60      1.00      0.75         3
           1       1.00      1.00      1.00         3
           2       1.00      0.80      0.89         5
           3       0.75      0.75      0.75         4
           4       0.80      1.00      0.89         4
           5       1.00      1.00      1.00         7
           6       1.00      1.00      1.00         4
           7       1.00      0.67      0.80         3
           8       0.50      1.00      0.67         1
           9       1.00      1.00      1.00         5
          10       1.00      1.00      1.00         4
          11       1.00      0.88      0.93         8
          12       0.67      1.00      0.80         2
          13       1.00      1.00      1.00         1
          14       1.00      1.00      1.00         6
          15       1.00      0.75      0.86         4
          16       0.67      0.50      0.57         4
          17       1.00      1.00      1.00         4
          18       1.00      1.00      1.00         2
          19       1.00      0.83      0.91         6
          20       0.67      1.00      0.80         2
          21       1.00      1.00      1.00         2
          22       1.00      1.00      1.00         6
          23       1.00      1.00      1.00         8
          24       1.00      1.00      1.00         3
          25       1.00      1.00      1.00         4

    accuracy                           0.92       105
   macro avg       0.91      0.93      0.91       105
weighted avg       0.94      0.92      0.93       105

r = 5:
              precision    recall  f1-score   support

           0       1.00      1.00      1.00         1
           1       1.00      1.00      1.00         4
           2       1.00      1.00      1.00         1
           3       1.00      0.75      0.86         4
           4       0.75      1.00      0.86         3
           5       1.00      1.00      1.00         3
           6       1.00      1.00      1.00         3
           7       1.00      1.00      1.00         5
           8       1.00      1.00      1.00         2
           9       1.00      1.00      1.00         5
          10       1.00      0.75      0.86         4
          11       0.50      1.00      0.67         1
          12       1.00      1.00      1.00         4
          13       1.00      1.00      1.00         5
          14       1.00      0.80      0.89         5
          15       0.83      1.00      0.91         5
          16       1.00      1.00      1.00         3
          17       1.00      0.83      0.91         6
          18       0.88      1.00      0.93         7
          19       1.00      1.00      1.00         7
          20       1.00      0.83      0.91         6
          21       0.50      0.50      0.50         2
          22       0.75      1.00      0.86         3
          23       1.00      1.00      1.00         8
          24       1.00      1.00      1.00         4
          25       1.00      1.00      1.00         1

    accuracy                           0.94       102
   macro avg       0.93      0.94      0.93       102
weighted avg       0.95      0.94      0.94       102

r = 6:
              precision    recall  f1-score   support

           0       1.00      0.67      0.80         3
           1       0.67      1.00      0.80         2
           2       1.00      1.00      1.00         5
           3       1.00      1.00      1.00         4
           4       1.00      1.00      1.00         1
           5       0.80      1.00      0.89         4
           6       1.00      1.00      1.00         3
           7       1.00      1.00      1.00         2
           8       1.00      1.00      1.00         3
           9       1.00      1.00      1.00         4
          11       1.00      1.00      1.00         4
          12       1.00      1.00      1.00         6
          13       1.00      1.00      1.00         4
          14       1.00      1.00      1.00         4
          15       1.00      1.00      1.00         5
          16       1.00      1.00      1.00         2
          17       1.00      1.00      1.00         8
          18       1.00      1.00      1.00         7
          19       1.00      1.00      1.00         5
          20       1.00      1.00      1.00         3
          21       1.00      1.00      1.00         4
          22       1.00      1.00      1.00         1
          23       1.00      0.86      0.92         7
          24       1.00      1.00      1.00         6
          25       1.00      1.00      1.00         5

    accuracy                           0.98       102
   macro avg       0.98      0.98      0.98       102
weighted avg       0.99      0.98      0.98       102

r = 7:
              precision    recall  f1-score   support

           0       1.00      1.00      1.00         4
           1       1.00      1.00      1.00         6
           2       1.00      1.00      1.00         1
           3       1.00      1.00      1.00         3
           4       1.00      1.00      1.00         5
           5       1.00      1.00      1.00         1
           6       0.83      1.00      0.91         5
           7       1.00      0.83      0.91         6
           8       1.00      0.83      0.91         6
           9       0.67      0.67      0.67         3
          10       0.83      1.00      0.91         5
          11       1.00      1.00      1.00         2
          12       1.00      1.00      1.00         4
          13       1.00      1.00      1.00         4
          14       1.00      1.00      1.00         4
          15       1.00      1.00      1.00         2
          16       1.00      1.00      1.00         2
          17       1.00      1.00      1.00         2
          18       1.00      1.00      1.00         5
          19       1.00      1.00      1.00         2
          20       1.00      1.00      1.00         4
          21       1.00      1.00      1.00         2
          22       1.00      1.00      1.00         6
          23       0.83      1.00      0.91         5
          24       1.00      0.67      0.80         3
          25       1.00      1.00      1.00         3

    accuracy                           0.96        95
   macro avg       0.97      0.96      0.96        95
weighted avg       0.96      0.96      0.96        95

r = 8:
              precision    recall  f1-score   support

           0       0.67      1.00      0.80         2
           1       1.00      1.00      1.00         5
           2       1.00      1.00      1.00         2
           3       1.00      1.00      1.00         4
           4       1.00      1.00      1.00         2
           5       0.83      1.00      0.91         5
           6       1.00      0.75      0.86         4
           7       0.60      1.00      0.75         3
           8       1.00      0.67      0.80         6
           9       1.00      1.00      1.00         6
          10       1.00      1.00      1.00         6
          11       1.00      1.00      1.00         2
          12       1.00      1.00      1.00         5
          13       1.00      1.00      1.00         3
          14       1.00      1.00      1.00         1
          15       1.00      1.00      1.00         1
          16       1.00      1.00      1.00         2
          17       1.00      1.00      1.00         4
          18       1.00      1.00      1.00         7
          19       1.00      0.86      0.92         7
          20       1.00      1.00      1.00         5
          21       1.00      1.00      1.00         4
          22       1.00      1.00      1.00         6
          23       1.00      1.00      1.00         3
          24       1.00      1.00      1.00         3
          25       1.00      1.00      1.00         4

    accuracy                           0.96       102
   macro avg       0.97      0.97      0.96       102
weighted avg       0.97      0.96      0.96       102

r = 9:
              precision    recall  f1-score   support

           0       1.00      1.00      1.00         2
           1       1.00      1.00      1.00         3
           3       1.00      1.00      1.00         2
           4       1.00      1.00      1.00         4
           5       1.00      0.75      0.86         4
           6       0.86      1.00      0.92         6
           7       0.50      1.00      0.67         2
           8       1.00      0.75      0.86         8
           9       1.00      1.00      1.00         5
          10       1.00      1.00      1.00         4
          11       1.00      1.00      1.00         5
          12       1.00      0.60      0.75         5
          13       0.33      1.00      0.50         1
          14       0.75      1.00      0.86         3
          15       1.00      0.80      0.89         5
          16       1.00      0.75      0.86         4
          17       0.80      1.00      0.89         4
          18       1.00      1.00      1.00         5
          19       1.00      1.00      1.00         3
          20       1.00      1.00      1.00         4
          21       1.00      1.00      1.00         1
          22       1.00      1.00      1.00         4
          23       1.00      1.00      1.00         2
          24       1.00      1.00      1.00         5
          25       1.00      1.00      1.00         5

    accuracy                           0.93        96
   macro avg       0.93      0.95      0.92        96
weighted avg       0.96      0.93      0.93        96

