r = 0:
              precision    recall  f1-score   support

           0       0.60      1.00      0.75         3
           1       1.00      0.75      0.86         4
           2       1.00      1.00      1.00         5
           3       0.67      0.67      0.67         3
           4       0.67      0.67      0.67         3
           5       0.91      1.00      0.95        10
           6       1.00      1.00      1.00         5
           7       0.00      0.00      0.00         0
           8       1.00      0.50      0.67         4
           9       1.00      0.75      0.86         4
          10       0.75      0.60      0.67         5
          11       0.33      1.00      0.50         2
          12       0.75      0.50      0.60         6
          13       0.67      0.80      0.73         5
          14       1.00      1.00      1.00         2
          15       0.80      1.00      0.89         4
          16       1.00      0.86      0.92         7
          17       1.00      1.00      1.00         2
          18       1.00      0.60      0.75         5
          19       0.67      1.00      0.80         2
          20       1.00      0.50      0.67         2
          21       1.00      0.80      0.89         5
          22       0.86      0.86      0.86         7
          23       1.00      1.00      1.00         1
          24       1.00      0.67      0.80         3
          25       0.75      1.00      0.86         3

    accuracy                           0.81       102
   macro avg       0.82      0.79      0.78       102
weighted avg       0.87      0.81      0.82       102

r = 1:
              precision    recall  f1-score   support

           0       1.00      0.67      0.80         3
           1       0.60      0.75      0.67         4
           2       1.00      0.67      0.80         3
           3       0.40      1.00      0.57         2
           4       1.00      0.50      0.67         6
           5       1.00      0.50      0.67         2
           6       0.50      0.75      0.60         4
           7       1.00      1.00      1.00         5
           8       0.00      0.00      0.00         1
           9       0.60      0.75      0.67         4
          10       0.75      0.50      0.60         6
          11       0.75      0.86      0.80         7
          12       1.00      1.00      1.00         2
          13       1.00      1.00      1.00         7
          14       1.00      1.00      1.00         3
          15       1.00      1.00      1.00         2
          16       1.00      1.00      1.00         5
          17       1.00      1.00      1.00         6
          18       1.00      1.00      1.00         5
          19       0.75      1.00      0.86         3
          20       1.00      0.83      0.91         6
          21       1.00      1.00      1.00         3
          22       1.00      1.00      1.00         2
          23       1.00      1.00      1.00         7
          24       1.00      0.80      0.89         5
          25       0.50      1.00      0.67         1

    accuracy                           0.85       104
   macro avg       0.84      0.83      0.81       104
weighted avg       0.89      0.85      0.85       104

r = 2:
              precision    recall  f1-score   support

           0       1.00      1.00      1.00         3
           1       1.00      0.83      0.91         6
           2       0.50      1.00      0.67         2
           3       0.33      1.00      0.50         1
           4       1.00      0.50      0.67         4
           5       1.00      1.00      1.00         4
           6       1.00      1.00      1.00         3
           7       0.75      1.00      0.86         3
           8       1.00      1.00      1.00         2
           9       1.00      1.00      1.00         3
          10       1.00      0.50      0.67         2
          11       0.86      1.00      0.92         6
          12       0.83      1.00      0.91         5
          13       1.00      1.00      1.00         2
          14       1.00      1.00      1.00         3
          15       0.80      0.67      0.73         6
          16       1.00      0.88      0.93         8
          17       1.00      1.00      1.00         6
          18       1.00      1.00      1.00         4
          19       0.83      0.62      0.71         8
          20       0.80      1.00      0.89         4
          21       1.00      0.50      0.67         6
          22       0.83      0.83      0.83         6
          23       0.20      0.33      0.25         3
          24       0.75      0.75      0.75         4
          25       0.67      1.00      0.80         2

    accuracy                           0.84       106
   macro avg       0.85      0.86      0.83       106
weighted avg       0.88      0.84      0.84       106

r = 3:
              precision    recall  f1-score   support

           0       1.00      1.00      1.00         3
           1       1.00      1.00      1.00         5
           2       0.83      1.00      0.91         5
           3       0.00      0.00      0.00         1
           4       1.00      1.00      1.00         5
           6       0.50      0.67      0.57         3
           7       1.00      1.00      1.00         2
           8       1.00      1.00      1.00         2
          10       0.75      1.00      0.86         3
          11       1.00      0.50      0.67         2
          12       0.67      0.67      0.67         3
          13       0.83      0.71      0.77         7
          14       0.67      1.00      0.80         2
          15       1.00      1.00      1.00         2
          16       1.00      0.62      0.77         8
          17       0.50      1.00      0.67         1
          18       0.86      1.00      0.92         6
          19       1.00      1.00      1.00         2
          20       1.00      1.00      1.00         5
          21       0.33      1.00      0.50         1
          22       1.00      0.80      0.89         5
          23       1.00      1.00      1.00         5
          24       0.67      1.00      0.80         2
          25       1.00      0.60      0.75         5

    accuracy                           0.86        85
   macro avg       0.82      0.86      0.81        85
weighted avg       0.89      0.86      0.86        85

r = 4:
              precision    recall  f1-score   support

           0       1.00      1.00      1.00         2
           1       1.00      1.00      1.00         2
           2       1.00      1.00      1.00         7
           3       0.75      1.00      0.86         3
           4       1.00      1.00      1.00         4
           5       0.67      1.00      0.80         2
           6       0.75      0.75      0.75         4
           7       0.75      1.00      0.86         3
           8       0.88      0.78      0.82         9
           9       1.00      1.00      1.00         8
          10       1.00      1.00      1.00         2
          11       1.00      1.00      1.00         8
          12       1.00      1.00      1.00         3
          13       1.00      1.00      1.00         2
          14       1.00      1.00      1.00         2
          15       0.83      1.00      0.91         5
          16       0.75      0.60      0.67         5
          17       1.00      0.75      0.86         4
          18       1.00      1.00      1.00         2
          19       1.00      1.00      1.00         6
          20       1.00      1.00      1.00         3
          21       1.00      0.60      0.75         5
          22       0.80      0.67      0.73         6
          23       0.50      1.00      0.67         3
          24       1.00      0.50      0.67         2
          25       1.00      1.00      1.00         4

    accuracy                           0.90       106
   macro avg       0.91      0.91      0.90       106
weighted avg       0.91      0.90      0.90       106

r = 5:
              precision    recall  f1-score   support

           0       1.00      1.00      1.00         2
           1       1.00      1.00      1.00         2
           2       0.40      1.00      0.57         2
           3       0.50      0.50      0.50         2
           4       1.00      1.00      1.00         3
           5       1.00      1.00      1.00         3
           6       1.00      0.80      0.89         5
           7       0.00      0.00      0.00         1
           8       0.71      0.62      0.67         8
           9       0.50      0.75      0.60         4
          10       0.67      1.00      0.80         2
          11       1.00      0.86      0.92         7
          12       0.60      0.75      0.67         4
          13       0.60      0.50      0.55         6
          14       0.67      0.40      0.50         5
          15       0.88      1.00      0.93         7
          16       1.00      0.40      0.57         5
          17       0.67      0.67      0.67         3
          18       1.00      0.80      0.89         5
          19       1.00      1.00      1.00         8
          22       1.00      1.00      1.00         3
          23       1.00      1.00      1.00         2
          24       1.00      1.00      1.00         8
          25       1.00      1.00      1.00         4

    accuracy                           0.80       101
   macro avg       0.80      0.79      0.78       101
weighted avg       0.84      0.80      0.81       101

r = 6:
              precision    recall  f1-score   support

           0       1.00      1.00      1.00         3
           1       1.00      0.80      0.89         5
           2       0.75      0.75      0.75         4
           3       1.00      1.00      1.00         4
           4       0.00      0.00      0.00         1
           5       0.00      0.00      0.00         0
           6       1.00      0.60      0.75         5
           7       0.67      1.00      0.80         2
           8       0.00      0.00      0.00         0
          10       1.00      1.00      1.00         5
          11       1.00      0.60      0.75         5
          12       1.00      1.00      1.00         3
          13       1.00      1.00      1.00         5
          14       1.00      1.00      1.00         3
          15       1.00      1.00      1.00         6
          16       0.67      0.67      0.67         3
          17       1.00      0.75      0.86         8
          18       0.62      1.00      0.77         5
          19       1.00      0.33      0.50         3
          20       1.00      1.00      1.00         4
          21       1.00      1.00      1.00         1
          22       1.00      1.00      1.00         2
          23       1.00      1.00      1.00         4
          24       1.00      1.00      1.00         2
          25       1.00      1.00      1.00         2

    accuracy                           0.86        85
   macro avg       0.83      0.78      0.79        85
weighted avg       0.93      0.86      0.88        85

r = 7:
              precision    recall  f1-score   support

           0       0.83      1.00      0.91         5
           1       0.67      0.67      0.67         3
           2       0.33      0.50      0.40         2
           3       1.00      0.50      0.67         2
           4       1.00      1.00      1.00         4
           5       1.00      1.00      1.00         4
           6       0.67      0.67      0.67         3
           7       0.75      0.75      0.75         4
           8       1.00      0.80      0.89         5
           9       1.00      1.00      1.00         6
          10       1.00      0.75      0.86         4
          11       0.83      1.00      0.91         5
          12       0.50      0.50      0.50         2
          13       0.50      0.75      0.60         4
          14       0.80      0.67      0.73         6
          15       1.00      1.00      1.00         5
          16       0.33      0.50      0.40         2
          17       1.00      1.00      1.00         2
          18       0.50      0.33      0.40         6
          19       0.25      0.50      0.33         2
          20       0.38      0.60      0.46         5
          21       0.60      0.38      0.46         8
          22       0.33      0.25      0.29         4
          23       1.00      0.75      0.86         4
          24       1.00      1.00      1.00         3
          25       1.00      1.00      1.00         4

    accuracy                           0.73       104
   macro avg       0.74      0.73      0.72       104
weighted avg       0.76      0.73      0.73       104

r = 8:
              precision    recall  f1-score   support

           0       1.00      0.75      0.86         8
           1       0.75      0.75      0.75         4
           2       1.00      1.00      1.00         6
           3       1.00      0.71      0.83         7
           4       1.00      0.83      0.91         6
           5       0.20      1.00      0.33         1
           6       1.00      0.56      0.71         9
           7       0.33      1.00      0.50         1
           8       1.00      1.00      1.00         4
           9       1.00      1.00      1.00         3
          10       1.00      0.75      0.86         4
          11       0.50      1.00      0.67         1
          12       1.00      1.00      1.00         4
          13       1.00      0.67      0.80         3
          14       0.75      1.00      0.86         3
          15       0.50      1.00      0.67         2
          16       1.00      0.80      0.89         5
          17       1.00      1.00      1.00         5
          18       1.00      1.00      1.00         2
          19       0.50      0.67      0.57         3
          20       0.00      0.00      0.00         1
          21       0.60      1.00      0.75         3
          22       1.00      0.86      0.92         7
          23       1.00      1.00      1.00         3
          24       1.00      1.00      1.00         3
          25       1.00      1.00      1.00         4

    accuracy                           0.84       102
   macro avg       0.81      0.86      0.80       102
weighted avg       0.92      0.84      0.86       102

r = 9:
              precision    recall  f1-score   support

           0       0.80      1.00      0.89         4
           1       1.00      0.67      0.80         6
           2       0.67      1.00      0.80         4
           3       1.00      0.83      0.91         6
           4       1.00      1.00      1.00         2
           5       1.00      1.00      1.00         1
           6       1.00      0.80      0.89         5
           7       0.67      0.50      0.57         4
           8       0.75      1.00      0.86         3
           9       1.00      0.80      0.89         5
          10       0.67      1.00      0.80         2
          11       1.00      1.00      1.00         4
          12       0.86      0.86      0.86         7
          13       1.00      1.00      1.00         4
          14       0.00      0.00      0.00         0
          15       1.00      1.00      1.00         3
          16       0.80      1.00      0.89         4
          17       1.00      0.67      0.80         3
          18       1.00      1.00      1.00         4
          19       0.80      0.80      0.80         5
          20       0.80      1.00      0.89         4
          21       0.75      0.60      0.67         5
          22       0.75      1.00      0.86         3
          23       1.00      0.88      0.93         8
          24       0.75      1.00      0.86         3
          25       1.00      0.86      0.92         7

    accuracy                           0.87       106
   macro avg       0.85      0.86      0.84       106
weighted avg       0.89      0.87      0.87       106

