r = 0:
              precision    recall  f1-score   support

           0       0.82      0.93      0.87        74
           1       0.95      0.88      0.91        83
           2       0.92      0.88      0.90        64
           3       0.92      0.91      0.91        86
           4       0.90      0.94      0.92        87
           5       0.94      0.94      0.94        80
           6       0.96      0.89      0.92        88
           7       0.88      0.93      0.90        95
           8       0.86      0.88      0.87        73
           9       0.91      0.90      0.90        67
          10       0.94      0.78      0.85        92
          11       0.80      0.95      0.87        86
          12       0.94      0.90      0.92        89
          13       0.89      0.86      0.87        93
          14       0.86      0.92      0.89        76
          15       0.90      0.89      0.90        74
          16       0.87      0.94      0.90        78
          17       0.89      0.89      0.89        72
          18       0.91      0.82      0.86        85
          19       0.79      0.91      0.85        66
          20       0.90      0.88      0.89        65
          21       0.88      0.90      0.89        80
          22       0.89      0.89      0.89        80
          23       0.86      0.80      0.83        85
          24       0.86      0.88      0.87        82
          25       0.92      0.88      0.90        80

    accuracy                           0.89      2080
   macro avg       0.89      0.89      0.89      2080
weighted avg       0.89      0.89      0.89      2080

r = 1:
              precision    recall  f1-score   support

           0       0.85      0.90      0.87        79
           1       0.95      0.94      0.94        78
           2       0.97      0.80      0.87        74
           3       0.85      0.90      0.87        80
           4       0.87      0.94      0.90        84
           5       0.90      0.91      0.91        79
           6       0.93      0.84      0.88        89
           7       0.91      0.87      0.89       105
           8       0.89      0.87      0.88        76
           9       0.92      0.90      0.91        68
          10       0.87      0.80      0.83        84
          11       0.88      0.87      0.87       104
          12       0.81      0.88      0.85        78
          13       0.84      0.92      0.88        83
          14       0.90      0.84      0.87        87
          15       0.88      0.88      0.88        73
          16       0.87      0.94      0.90        78
          17       0.82      0.94      0.87        63
          18       0.87      0.84      0.85        80
          19       0.76      0.91      0.83        64
          20       0.90      0.86      0.88        66
          21       0.89      0.86      0.87        85
          22       0.95      0.92      0.93        83
          23       0.91      0.91      0.91        79
          24       0.87      0.96      0.91        76
          25       0.93      0.84      0.88        85

    accuracy                           0.88      2080
   macro avg       0.88      0.88      0.88      2080
weighted avg       0.89      0.88      0.88      2080

r = 2:
              precision    recall  f1-score   support

           0       0.86      0.87      0.86        83
           1       0.94      0.85      0.89        85
           2       0.90      0.87      0.89        63
           3       0.88      0.85      0.87        88
           4       0.87      0.91      0.89        87
           5       0.91      0.92      0.92        79
           6       0.86      0.83      0.85        84
           7       0.82      0.87      0.85        94
           8       0.93      0.86      0.90        80
           9       0.85      0.90      0.88        62
          10       0.87      0.85      0.86        79
          11       0.82      0.89      0.86        94
          12       0.86      0.83      0.84        88
          13       0.84      0.87      0.86        87
          14       0.93      0.90      0.91        83
          15       0.86      0.90      0.88        70
          16       0.88      0.96      0.92        77
          17       0.83      0.98      0.90        61
          18       0.91      0.75      0.82        93
          19       0.76      0.87      0.81        67
          20       0.92      0.82      0.87        71
          21       0.89      0.89      0.89        82
          22       0.93      0.88      0.90        84
          23       0.94      0.88      0.91        84
          24       0.87      0.95      0.91        77
          25       0.91      0.88      0.90        78

    accuracy                           0.88      2080
   macro avg       0.88      0.88      0.88      2080
weighted avg       0.88      0.88      0.88      2080

r = 3:
              precision    recall  f1-score   support

           0       0.82      0.90      0.86        77
           1       0.91      0.91      0.91        77
           2       1.00      0.75      0.86        81
           3       0.88      0.86      0.87        87
           4       0.87      0.94      0.90        84
           5       0.90      0.95      0.92        76
           6       0.91      0.86      0.89        86
           7       0.82      0.91      0.86        90
           8       0.95      0.83      0.89        84
           9       0.89      0.88      0.89        67
          10       0.88      0.81      0.84        84
          11       0.86      0.90      0.88        98
          12       0.88      0.86      0.87        87
          13       0.78      0.86      0.82        81
          14       0.85      0.86      0.86        80
          15       0.85      0.87      0.86        71
          16       0.85      0.91      0.88        78
          17       0.94      0.87      0.91        78
          18       0.82      0.84      0.83        75
          19       0.79      0.95      0.86        63
          20       0.97      0.88      0.92        69
          21       0.90      0.85      0.88        87
          22       0.93      0.94      0.93        79
          23       0.94      0.88      0.91        84
          24       0.85      0.93      0.89        76
          25       0.88      0.83      0.85        81

    accuracy                           0.88      2080
   macro avg       0.88      0.88      0.88      2080
weighted avg       0.88      0.88      0.88      2080

r = 4:
              precision    recall  f1-score   support

           0       0.82      0.99      0.90        70
           1       0.94      0.90      0.92        80
           2       0.97      0.83      0.89        71
           3       0.93      0.84      0.88        94
           4       0.89      0.95      0.92        85
           5       0.94      0.91      0.93        82
           6       0.91      0.88      0.90        84
           7       0.88      0.89      0.88        99
           8       0.93      0.87      0.90        79
           9       0.86      0.84      0.85        68
          10       0.84      0.84      0.84        77
          11       0.86      0.89      0.88        99
          12       0.86      0.83      0.84        88
          13       0.86      0.91      0.88        85
          14       0.84      0.93      0.88        73
          15       0.86      0.89      0.88        71
          16       0.92      0.89      0.90        87
          17       0.78      0.92      0.84        61
          18       0.81      0.89      0.84        70
          19       0.88      0.87      0.88        77
          20       0.89      0.90      0.90        62
          21       0.90      0.86      0.88        86
          22       0.96      0.93      0.94        83
          23       0.96      0.88      0.92        86
          24       0.92      0.94      0.93        82
          25       0.89      0.84      0.87        81

    accuracy                           0.89      2080
   macro avg       0.89      0.89      0.89      2080
weighted avg       0.89      0.89      0.89      2080

r = 5:
              precision    recall  f1-score   support

           0       0.80      0.91      0.85        74
           1       0.96      0.85      0.90        87
           2       0.95      0.85      0.90        68
           3       0.85      0.88      0.86        82
           4       0.88      0.88      0.88        91
           5       0.93      0.88      0.90        84
           6       0.90      0.81      0.85        90
           7       0.87      0.93      0.90        94
           8       0.88      0.88      0.88        74
           9       0.91      0.87      0.89        69
          10       0.90      0.85      0.87        81
          11       0.79      0.95      0.87        85
          12       0.93      0.85      0.89        93
          13       0.83      0.90      0.87        83
          14       0.84      0.88      0.86        77
          15       0.90      0.87      0.89        76
          16       0.90      0.88      0.89        86
          17       0.89      0.91      0.90        70
          18       0.87      0.84      0.85        80
          19       0.79      0.91      0.85        66
          20       0.90      0.80      0.85        71
          21       0.84      0.86      0.85        80
          22       0.94      0.91      0.93        82
          23       0.91      0.86      0.88        84
          24       0.83      0.89      0.86        79
          25       0.83      0.85      0.84        74

    accuracy                           0.88      2080
   macro avg       0.88      0.88      0.88      2080
weighted avg       0.88      0.88      0.88      2080

r = 6:
              precision    recall  f1-score   support

           0       0.74      0.95      0.83        65
           1       0.92      0.89      0.90        80
           2       0.95      0.78      0.86        74
           3       0.86      0.84      0.85        87
           4       0.89      0.89      0.89        91
           5       0.84      0.93      0.88        72
           6       0.81      0.84      0.82        79
           7       0.89      0.88      0.89       101
           8       0.89      0.79      0.84        84
           9       0.88      0.83      0.85        70
          10       0.82      0.86      0.84        73
          11       0.87      0.88      0.88       101
          12       0.93      0.85      0.89        93
          13       0.80      0.92      0.86        78
          14       0.90      0.78      0.83        94
          15       0.89      0.82      0.86        79
          16       0.80      0.91      0.85        74
          17       0.83      0.85      0.84        71
          18       0.74      0.85      0.79        67
          19       0.80      0.80      0.80        76
          20       0.90      0.80      0.85        71
          21       0.84      0.86      0.85        80
          22       0.91      0.92      0.92        79
          23       0.87      0.85      0.86        81
          24       0.89      0.89      0.89        84
          25       0.88      0.88      0.88        76

    accuracy                           0.86      2080
   macro avg       0.86      0.86      0.86      2080
weighted avg       0.86      0.86      0.86      2080

r = 7:
              precision    recall  f1-score   support

           0       0.80      0.92      0.85        73
           1       0.94      0.90      0.92        80
           2       0.98      0.78      0.87        77
           3       0.87      0.83      0.85        89
           4       0.87      0.90      0.88        88
           5       0.90      0.80      0.85        90
           6       0.89      0.87      0.88        83
           7       0.87      0.91      0.89        96
           8       0.93      0.85      0.89        81
           9       0.92      0.88      0.90        69
          10       0.87      0.86      0.86        78
          11       0.85      0.94      0.89        93
          12       0.84      0.87      0.85        82
          13       0.79      0.87      0.83        82
          14       0.85      0.82      0.84        84
          15       0.90      0.86      0.88        77
          16       0.81      0.91      0.86        75
          17       0.88      0.90      0.89        70
          18       0.77      0.84      0.80        70
          19       0.78      0.91      0.84        65
          20       0.90      0.90      0.90        63
          21       0.88      0.83      0.85        87
          22       0.93      0.94      0.93        79
          23       0.90      0.85      0.87        84
          24       0.86      0.81      0.83        89
          25       0.89      0.89      0.89        76

    accuracy                           0.87      2080
   macro avg       0.87      0.87      0.87      2080
weighted avg       0.87      0.87      0.87      2080

r = 8:
              precision    recall  f1-score   support

           0       0.80      0.93      0.86        72
           1       0.92      0.90      0.91        79
           2       0.90      0.86      0.88        64
           3       0.91      0.87      0.89        89
           4       0.84      0.96      0.89        79
           5       0.91      0.89      0.90        82
           6       0.89      0.86      0.87        84
           7       0.91      0.89      0.90       102
           8       0.89      0.82      0.86        80
           9       0.86      0.84      0.85        68
          10       0.88      0.84      0.86        81
          11       0.84      0.91      0.88        94
          12       0.87      0.84      0.86        88
          13       0.86      0.89      0.87        87
          14       0.85      0.88      0.87        78
          15       0.90      0.85      0.87        78
          16       0.86      0.87      0.86        83
          17       0.89      0.93      0.91        69
          18       0.88      0.82      0.85        83
          19       0.86      0.93      0.89        70
          20       0.94      0.89      0.91        66
          21       0.87      0.95      0.90        75
          22       0.95      0.93      0.94        82
          23       0.94      0.91      0.92        81
          24       0.94      0.95      0.95        83
          25       0.93      0.86      0.89        83

    accuracy                           0.89      2080
   macro avg       0.89      0.89      0.89      2080
weighted avg       0.89      0.89      0.89      2080

r = 9:
              precision    recall  f1-score   support

           0       0.87      0.94      0.90        78
           1       0.94      0.95      0.94        76
           2       0.92      0.86      0.89        65
           3       0.89      0.88      0.89        86
           4       0.84      0.92      0.87        83
           5       0.90      0.80      0.85        90
           6       0.88      0.89      0.88        80
           7       0.91      0.86      0.88       106
           8       0.88      0.90      0.89        72
           9       0.92      0.88      0.90        69
          10       0.92      0.88      0.90        81
          11       0.82      0.95      0.88        88
          12       0.98      0.86      0.91        97
          13       0.82      0.93      0.87        80
          14       0.93      0.93      0.93        81
          15       0.90      0.88      0.89        75
          16       0.90      0.84      0.87        90
          17       0.81      0.85      0.83        68
          18       0.82      0.85      0.83        74
          19       0.80      0.87      0.84        70
          20       0.90      0.90      0.90        63
          21       0.93      0.84      0.88        91
          22       0.90      0.97      0.94        74
          23       0.97      0.83      0.90        93
          24       0.83      0.96      0.89        73
          25       0.91      0.90      0.90        77

    accuracy                           0.89      2080
   macro avg       0.89      0.89      0.89      2080
weighted avg       0.89      0.89      0.89      2080

