r = 0:
              precision    recall  f1-score   support

           0       0.67      0.74      0.71        74
           1       0.70      0.81      0.75        77
           2       0.76      0.61      0.68        87
           3       0.85      0.78      0.81       103
           4       0.79      0.62      0.70        80
           5       0.72      0.76      0.74        76
           6       0.77      0.84      0.81        69
           7       0.75      0.74      0.75        78
           8       0.71      0.64      0.67        94
           9       0.75      0.78      0.77        74
          10       0.74      0.80      0.77        82
          11       0.62      0.64      0.63        70
          12       0.71      0.69      0.70        97
          13       0.61      0.70      0.65        69
          14       0.71      0.69      0.70        65
          15       0.67      0.72      0.70        68
          16       0.70      0.74      0.72        72
          17       0.59      0.61      0.60        93
          18       0.70      0.66      0.68        91
          19       0.51      0.54      0.52        71
          20       0.53      0.46      0.49        81
          21       0.52      0.46      0.49        72
          22       0.72      0.67      0.69        99
          23       0.65      0.69      0.67        86
          24       0.70      0.69      0.70        72
          25       0.72      0.85      0.78        80

    accuracy                           0.69      2080
   macro avg       0.69      0.69      0.69      2080
weighted avg       0.69      0.69      0.69      2080

