r = 0:
              precision    recall  f1-score   support

           0       0.67      1.00      0.80         2
           1       1.00      1.00      1.00         3
           2       0.50      1.00      0.67         1
           3       1.00      0.80      0.89         5
           4       1.00      0.67      0.80         3
           5       0.86      1.00      0.92         6
           6       1.00      1.00      1.00         3
           7       1.00      1.00      1.00         1
           8       1.00      1.00      1.00         1
           9       0.00      0.00      0.00         2
          10       0.50      0.67      0.57         3
          12       0.86      0.75      0.80         8
          13       0.00      0.00      0.00         0
          14       0.00      0.00      0.00         0
          16       1.00      0.71      0.83         7
          19       0.67      1.00      0.80         2
          20       1.00      1.00      1.00         1
          22       0.83      1.00      0.91         5
          23       1.00      1.00      1.00         1
          24       1.00      0.75      0.86         4
          25       1.00      1.00      1.00         3

    accuracy                           0.84        61
   macro avg       0.76      0.78      0.75        61
weighted avg       0.87      0.84      0.84        61

