r = 0:
              precision    recall  f1-score   support

           0       0.58      0.60      0.59        73
           1       0.62      0.59      0.61        81
           2       0.62      0.59      0.61        74
           3       0.78      0.65      0.71        95
           4       0.70      0.59      0.64       116
           5       0.60      0.75      0.67        72
           6       0.75      0.70      0.72        86
           7       0.61      0.50      0.55       100
           8       0.69      0.57      0.62        88
           9       0.53      0.58      0.55        72
          10       0.57      0.68      0.62        68
          11       0.67      0.60      0.63        87
          12       0.75      0.60      0.67       100
          13       0.49      0.62      0.55        64
          14       0.42      0.52      0.46        58
          15       0.64      0.64      0.64        69
          16       0.46      0.56      0.51        59
          17       0.68      0.60      0.64        94
          18       0.66      0.57      0.61        84
          19       0.52      0.55      0.54        67
          20       0.41      0.73      0.53        55
          21       0.68      0.45      0.54        75
          22       0.66      0.61      0.63        94
          23       0.69      0.64      0.66        91
          24       0.48      0.55      0.52        83
          25       0.58      0.79      0.67        75

    accuracy                           0.61      2080
   macro avg       0.61      0.61      0.60      2080
weighted avg       0.62      0.61      0.61      2080

