r = 0:
              precision    recall  f1-score   support

           0       0.95      0.90      0.93        90
           1       0.89      0.94      0.92        81
           2       0.86      0.86      0.86        77
           3       0.94      0.89      0.91        89
           4       0.93      0.95      0.94        97
           5       0.88      0.88      0.88        86
           6       0.90      0.86      0.88        81
           7       0.85      0.84      0.85        82
           8       0.83      0.93      0.88        80
           9       0.89      0.91      0.90        65
          10       0.91      0.88      0.90        85
          11       0.85      0.95      0.89        75
          12       0.97      0.85      0.91        89
          13       0.89      0.90      0.89        70
          14       0.84      0.94      0.89        68
          15       0.90      0.85      0.87        84
          16       0.87      0.91      0.89        81
          17       0.87      0.87      0.87        77
          18       0.92      0.82      0.87        80
          19       0.80      0.91      0.85        82
          20       0.95      0.83      0.89        72
          21       0.91      0.83      0.87        60
          22       0.90      0.93      0.91        84
          23       0.95      0.96      0.96        85
          24       0.93      0.94      0.94        70
          25       0.93      0.93      0.93        90

    accuracy                           0.90      2080
   macro avg       0.90      0.90      0.90      2080
weighted avg       0.90      0.90      0.90      2080

