r = 0:
              precision    recall  f1-score   support

           0       0.60      0.58      0.59        95
           1       0.79      0.70      0.74       106
           2       0.74      0.66      0.70        87
           3       0.71      0.78      0.74        78
           4       0.64      0.61      0.62        76
           5       0.66      0.57      0.61        87
           6       0.65      0.61      0.63        84
           7       0.60      0.63      0.62        76
           8       0.61      0.59      0.60        87
           9       0.57      0.65      0.61        68
          10       0.66      0.70      0.68        82
          11       0.64      0.62      0.63        74
          12       0.76      0.79      0.78        90
          13       0.65      0.55      0.59        95
          14       0.56      0.59      0.58        75
          15       0.70      0.72      0.71        76
          16       0.57      0.61      0.59        84
          17       0.66      0.60      0.63        83
          18       0.68      0.71      0.69        93
          19       0.56      0.62      0.59        68
          20       0.69      0.64      0.67        78
          21       0.55      0.58      0.57        55
          22       0.63      0.70      0.66        79
          23       0.66      0.80      0.72        59
          24       0.59      0.66      0.63        62
          25       0.65      0.64      0.64        83

    accuracy                           0.65      2080
   macro avg       0.65      0.65      0.65      2080
weighted avg       0.65      0.65      0.65      2080

