r = 0:
              precision    recall  f1-score   support

           0       1.00      1.00      1.00         4
           1       1.00      0.67      0.80         3
           2       0.80      0.80      0.80         5
           3       0.67      1.00      0.80         2
           4       1.00      0.60      0.75         5
           5       0.33      1.00      0.50         1
           6       1.00      1.00      1.00         3
           7       1.00      0.60      0.75         5
           8       0.40      1.00      0.57         2
           9       1.00      0.67      0.80         6
          10       0.86      1.00      0.92         6
          11       1.00      1.00      1.00         2
          12       1.00      1.00      1.00         7
          13       1.00      1.00      1.00         4
          14       1.00      1.00      1.00         6
          15       1.00      1.00      1.00         5
          17       1.00      1.00      1.00         2
          18       1.00      0.88      0.93         8
          19       0.75      1.00      0.86         3
          20       1.00      0.75      0.86         4
          21       0.75      1.00      0.86         3
          22       1.00      0.83      0.91         6
          23       0.75      0.75      0.75         4
          24       0.75      1.00      0.86         3
          25       1.00      1.00      1.00         3

    accuracy                           0.88       102
   macro avg       0.88      0.90      0.87       102
weighted avg       0.93      0.88      0.89       102

r = 1:
              precision    recall  f1-score   support

           0       1.00      1.00      1.00         2
           1       1.00      1.00      1.00         4
           2       1.00      1.00      1.00         3
           3       1.00      1.00      1.00         4
           4       1.00      1.00      1.00         2
           5       1.00      1.00      1.00         7
           6       1.00      1.00      1.00         2
           7       1.00      0.75      0.86         4
           8       0.83      1.00      0.91         5
           9       1.00      1.00      1.00         3
          10       1.00      1.00      1.00         6
          11       0.33      1.00      0.50         1
          12       1.00      0.50      0.67         4
          13       1.00      1.00      1.00         7
          14       1.00      1.00      1.00         3
          15       1.00      1.00      1.00         4
          16       1.00      1.00      1.00         7
          17       1.00      1.00      1.00         6
          18       1.00      1.00      1.00         2
          19       0.80      1.00      0.89         4
          20       1.00      0.50      0.67         2
          21       1.00      1.00      1.00         3
          22       1.00      0.88      0.93         8
          23       0.80      1.00      0.89         4
          24       1.00      1.00      1.00         2
          25       1.00      1.00      1.00         3

    accuracy                           0.95       102
   macro avg       0.95      0.95      0.94       102
weighted avg       0.97      0.95      0.95       102

r = 2:
              precision    recall  f1-score   support

           0       1.00      1.00      1.00         3
           1       1.00      1.00      1.00         4
           2       1.00      1.00      1.00         6
           3       1.00      1.00      1.00         3
           4       1.00      0.71      0.83         7
           5       0.50      1.00      0.67         2
           6       1.00      1.00      1.00         6
           7       1.00      1.00      1.00         2
           8       1.00      1.00      1.00         5
           9       1.00      1.00      1.00         1
          10       1.00      1.00      1.00         4
          11       0.71      1.00      0.83         5
          12       1.00      0.60      0.75         5
          13       1.00      1.00      1.00         2
          14       1.00      0.83      0.91         6
          15       0.75      1.00      0.86         6
          16       1.00      0.80      0.89         5
          17       1.00      1.00      1.00         1
          18       1.00      1.00      1.00         2
          19       1.00      1.00      1.00         3
          20       1.00      1.00      1.00         1
          21       1.00      1.00      1.00         4
          22       1.00      1.00      1.00         6
          23       1.00      1.00      1.00         4
          24       1.00      1.00      1.00         4
          25       1.00      1.00      1.00         5

    accuracy                           0.94       102
   macro avg       0.96      0.96      0.95       102
weighted avg       0.96      0.94      0.94       102

r = 3:
              precision    recall  f1-score   support

           0       1.00      1.00      1.00         6
           1       1.00      0.67      0.80         3
           2       1.00      1.00      1.00         4
           3       1.00      1.00      1.00         5
           4       1.00      1.00      1.00         5
           5       1.00      1.00      1.00         5
           6       1.00      1.00      1.00         2
           7       1.00      0.89      0.94         9
           8       1.00      1.00      1.00         1
           9       1.00      0.75      0.86         4
          10       0.50      1.00      0.67         1
          11       1.00      1.00      1.00         2
          12       1.00      0.75      0.86         4
          13       0.80      1.00      0.89         4
          14       1.00      1.00      1.00         5
          15       1.00      0.80      0.89         5
          16       0.83      1.00      0.91         5
          17       1.00      1.00      1.00         5
          18       1.00      0.80      0.89         5
          19       0.67      0.67      0.67         3
          20       1.00      1.00      1.00         3
          21       1.00      1.00      1.00         1
          22       1.00      1.00      1.00         5
          23       0.62      1.00      0.77         5
          24       1.00      1.00      1.00         1
          25       1.00      1.00      1.00         4

    accuracy                           0.93       102
   macro avg       0.94      0.94      0.93       102
weighted avg       0.95      0.93      0.93       102

r = 4:
              precision    recall  f1-score   support

           0       1.00      0.86      0.92         7
           1       0.86      1.00      0.92         6
           2       1.00      1.00      1.00         6
           3       1.00      1.00      1.00         7
           4       1.00      1.00      1.00         6
           5       1.00      1.00      1.00         4
           6       1.00      0.50      0.67         2
           7       0.86      0.75      0.80         8
           8       0.50      1.00      0.67         3
           9       0.00      0.00      0.00         2
          10       0.75      1.00      0.86         3
          11       1.00      1.00      1.00         5
          12       1.00      1.00      1.00         5
          13       1.00      0.80      0.89         5
          14       0.75      1.00      0.86         3
          15       1.00      1.00      1.00         1
          16       1.00      1.00      1.00         2
          17       1.00      0.80      0.89         5
          18       0.67      1.00      0.80         2
          19       1.00      1.00      1.00         4
          20       1.00      1.00      1.00         3
          21       1.00      1.00      1.00         2
          22       1.00      1.00      1.00         1
          23       1.00      1.00      1.00         3
          24       1.00      1.00      1.00         5
          25       1.00      1.00      1.00         4

    accuracy                           0.92       104
   macro avg       0.90      0.91      0.90       104
weighted avg       0.93      0.92      0.92       104

r = 5:
              precision    recall  f1-score   support

           0       1.00      1.00      1.00         4
           1       1.00      0.80      0.89         5
           2       0.83      1.00      0.91         5
           3       1.00      1.00      1.00         5
           4       1.00      1.00      1.00         5
           5       1.00      1.00      1.00         4
           6       1.00      0.67      0.80         3
           7       0.80      1.00      0.89         4
           8       1.00      1.00      1.00         5
           9       1.00      1.00      1.00         4
          10       1.00      1.00      1.00         4
          11       1.00      1.00      1.00         3
          12       1.00      1.00      1.00         2
          13       1.00      0.67      0.80         3
          14       0.83      1.00      0.91         5
          15       1.00      1.00      1.00         4
          16       1.00      1.00      1.00         8
          17       1.00      1.00      1.00         2
          18       1.00      1.00      1.00         4
          19       1.00      1.00      1.00         5
          20       1.00      1.00      1.00         4
          21       1.00      1.00      1.00         3
          22       1.00      1.00      1.00         1
          23       0.83      1.00      0.91         5
          24       1.00      0.80      0.89         5
          25       1.00      1.00      1.00         3

    accuracy                           0.96       105
   macro avg       0.97      0.96      0.96       105
weighted avg       0.97      0.96      0.96       105

r = 6:
              precision    recall  f1-score   support

           0       1.00      1.00      1.00         3
           1       1.00      0.83      0.91         6
           2       0.33      1.00      0.50         1
           3       1.00      1.00      1.00         2
           4       1.00      0.83      0.91         6
           5       0.80      1.00      0.89         4
           6       1.00      0.71      0.83         7
           7       0.67      1.00      0.80         4
           8       1.00      1.00      1.00         4
           9       1.00      1.00      1.00         4
          10       1.00      1.00      1.00         3
          11       1.00      1.00      1.00         4
          12       1.00      0.75      0.86         4
          13       0.80      0.67      0.73         6
          14       0.80      1.00      0.89         4
          15       1.00      1.00      1.00         3
          16       1.00      1.00      1.00         2
          17       1.00      1.00      1.00         3
          18       1.00      1.00      1.00         5
          19       1.00      0.50      0.67         2
          20       0.67      1.00      0.80         2
          21       1.00      1.00      1.00         3
          22       1.00      0.80      0.89         5
          23       0.60      1.00      0.75         3
          24       0.00      0.00      0.00         1
          25       1.00      1.00      1.00         4

    accuracy                           0.89        95
   macro avg       0.87      0.89      0.86        95
weighted avg       0.92      0.89      0.89        95

r = 7:
              precision    recall  f1-score   support

           0       1.00      1.00      1.00         4
           1       1.00      1.00      1.00         3
           2       1.00      0.50      0.67         2
           3       0.50      1.00      0.67         1
           4       1.00      1.00      1.00         4
           5       1.00      0.90      0.95        10
           6       0.75      1.00      0.86         3
           7       1.00      1.00      1.00         5
           8       1.00      1.00      1.00         5
           9       1.00      1.00      1.00         4
          10       1.00      1.00      1.00         5
          11       1.00      1.00      1.00         3
          12       1.00      1.00      1.00         6
          13       1.00      1.00      1.00         3
          14       1.00      1.00      1.00         6
          15       1.00      1.00      1.00         2
          16       1.00      1.00      1.00         6
          17       1.00      1.00      1.00         5
          18       1.00      1.00      1.00         6
          19       1.00      0.80      0.89         5
          20       0.75      1.00      0.86         3
          21       1.00      0.67      0.80         3
          22       0.75      1.00      0.86         3
          23       1.00      1.00      1.00         2
          24       1.00      1.00      1.00         4
          25       1.00      1.00      1.00         2

    accuracy                           0.96       105
   macro avg       0.95      0.96      0.94       105
weighted avg       0.97      0.96      0.96       105

r = 8:
              precision    recall  f1-score   support

           0       1.00      1.00      1.00         2
           1       1.00      1.00      1.00         5
           2       1.00      1.00      1.00         6
           3       1.00      1.00      1.00         1
           4       1.00      1.00      1.00         3
           5       1.00      1.00      1.00         2
           6       1.00      1.00      1.00         2
           7       1.00      1.00      1.00         5
           8       1.00      1.00      1.00         2
           9       1.00      1.00      1.00         5
          10       1.00      1.00      1.00         6
          11       1.00      1.00      1.00         5
          12       1.00      1.00      1.00         4
          13       1.00      1.00      1.00         4
          14       1.00      0.50      0.67         2
          15       0.75      1.00      0.86         3
          16       1.00      1.00      1.00         3
          17       1.00      1.00      1.00         3
          18       1.00      0.83      0.91         6
          19       0.83      0.83      0.83         6
          20       0.83      0.83      0.83         6
          21       0.86      1.00      0.92         6
          22       1.00      1.00      1.00         5
          23       1.00      1.00      1.00         4
          24       1.00      1.00      1.00         2
          25       1.00      1.00      1.00         6

    accuracy                           0.96       104
   macro avg       0.97      0.96      0.96       104
weighted avg       0.97      0.96      0.96       104

r = 9:
              precision    recall  f1-score   support

           0       1.00      0.80      0.89         5
           1       0.67      0.40      0.50         5
           2       0.25      0.33      0.29         3
           3       1.00      1.00      1.00         3
           4       1.00      0.89      0.94         9
           5       1.00      0.86      0.92         7
           6       0.75      1.00      0.86         3
           7       1.00      1.00      1.00         2
           8       1.00      1.00      1.00         4
           9       1.00      1.00      1.00         2
          10       1.00      1.00      1.00         3
          11       1.00      1.00      1.00         2
          12       1.00      1.00      1.00         5
          13       1.00      1.00      1.00         5
          14       1.00      1.00      1.00         3
          15       1.00      1.00      1.00         4
          16       1.00      1.00      1.00         4
          17       1.00      1.00      1.00         6
          18       1.00      1.00      1.00         5
          19       0.25      1.00      0.40         1
          20       1.00      1.00      1.00         5
          21       1.00      0.67      0.80         3
          22       0.80      1.00      0.89         4
          23       1.00      0.75      0.86         4
          24       0.75      1.00      0.86         3
          25       1.00      1.00      1.00         2

    accuracy                           0.90       102
   macro avg       0.90      0.91      0.89       102
weighted avg       0.93      0.90      0.91       102

