r = 0:
              precision    recall  f1-score   support

           0       0.86      0.91      0.88        79
           1       0.89      0.90      0.90        83
           2       0.87      0.88      0.87        67
           3       0.88      0.92      0.90        73
           4       0.88      0.91      0.89        64
           5       0.95      0.87      0.91        89
           6       0.93      0.89      0.91        76
           7       0.91      0.89      0.90        82
           8       0.88      0.89      0.89        84
           9       0.93      0.93      0.93        75
          10       0.89      0.92      0.91        91
          11       0.87      0.94      0.91        71
          12       0.90      0.88      0.89        84
          13       0.89      0.88      0.88        90
          14       0.80      0.87      0.83        77
          15       0.89      0.88      0.88        82
          16       0.93      0.93      0.93        82
          17       0.92      0.88      0.90        76
          18       0.96      0.87      0.91        79
          19       0.84      0.99      0.91        75
          20       0.93      0.87      0.90        86
          21       0.86      0.91      0.89        69
          22       0.97      0.91      0.94        91
          23       0.92      0.88      0.90        94
          24       0.85      0.96      0.90        71
          25       0.99      0.83      0.90        90

    accuracy                           0.90      2080
   macro avg       0.90      0.90      0.90      2080
weighted avg       0.90      0.90      0.90      2080

