r = 0:
              precision    recall  f1-score   support

           0       0.93      0.93      0.93        94
           1       0.93      0.95      0.94        91
           2       0.78      0.90      0.83        69
           3       0.90      0.95      0.92        78
           4       0.95      0.88      0.91        88
           5       0.88      0.96      0.92        68
           6       0.93      0.92      0.93        76
           7       0.95      0.88      0.91        85
           8       0.87      0.95      0.91        65
           9       0.90      0.91      0.91        68
          10       0.95      0.89      0.92        82
          11       0.95      0.83      0.88        64
          12       0.90      0.95      0.92       100
          13       0.95      0.89      0.92       105
          14       0.87      0.83      0.85        75
          15       0.91      0.94      0.92        71
          16       0.90      0.88      0.89        81
          17       0.88      0.88      0.88        77
          18       0.91      0.91      0.91        80
          19       0.93      0.94      0.93        84
          20       0.94      0.93      0.93        69
          21       0.95      0.89      0.92        61
          22       0.92      0.95      0.94        85
          23       0.98      0.96      0.97        93
          24       0.90      0.90      0.90        83
          25       0.85      0.90      0.87        88

    accuracy                           0.91      2080
   macro avg       0.91      0.91      0.91      2080
weighted avg       0.91      0.91      0.91      2080

