r = 0:
              precision    recall  f1-score   support

           0       0.73      0.65      0.69       109
           1       0.73      0.73      0.73        88
           2       0.78      0.76      0.77        98
           3       0.79      0.76      0.77       101
           4       0.72      0.67      0.70        97
           5       0.67      0.67      0.67        84
           6       0.73      0.70      0.72        81
           7       0.67      0.70      0.68        73
           8       0.58      0.56      0.57        82
           9       0.55      0.62      0.59        58
          10       0.72      0.76      0.74        78
          11       0.61      0.78      0.68        68
          12       0.79      0.77      0.78        82
          13       0.66      0.57      0.61        95
          14       0.61      0.57      0.59        80
          15       0.73      0.68      0.70        77
          16       0.49      0.59      0.53        68
          17       0.68      0.63      0.66        71
          18       0.61      0.72      0.66        60
          19       0.61      0.60      0.60        92
          20       0.54      0.55      0.54        69
          21       0.70      0.60      0.65        72
          22       0.73      0.72      0.73        81
          23       0.61      0.67      0.64        75
          24       0.62      0.65      0.63        74
          25       0.63      0.70      0.66        67

    accuracy                           0.67      2080
   macro avg       0.67      0.67      0.66      2080
weighted avg       0.67      0.67      0.67      2080

