r = 0:
              precision    recall  f1-score   support

           0       0.75      0.85      0.79        66
           1       0.93      0.83      0.88        95
           2       0.87      0.84      0.86        82
           3       0.94      0.92      0.93        65
           4       0.94      0.83      0.88        98
           5       0.82      0.95      0.88        87
           6       0.90      0.90      0.90        78
           7       0.83      0.86      0.84        69
           8       0.82      0.91      0.86        66
           9       0.94      0.87      0.90        76
          10       0.88      0.87      0.88        87
          11       0.82      0.88      0.85        75
          12       0.90      0.90      0.90        86
          13       0.91      0.84      0.87       105
          14       0.88      0.87      0.87        83
          15       0.83      0.90      0.86        89
          16       0.88      0.85      0.87        88
          17       0.89      0.94      0.92        70
          18       0.93      0.88      0.90        74
          19       0.91      0.96      0.94        78
          20       0.92      0.86      0.88        76
          21       0.89      0.85      0.87        66
          22       0.90      0.93      0.91        86
          23       0.94      0.89      0.91        82
          24       0.86      0.89      0.88        75
          25       0.86      0.90      0.88        78

    accuracy                           0.88      2080
   macro avg       0.88      0.88      0.88      2080
weighted avg       0.88      0.88      0.88      2080

