r = 0:
              precision    recall  f1-score   support

           0       0.81      0.85      0.83        78
           1       0.91      0.88      0.89        77
           2       0.82      0.90      0.86        83
           3       0.86      0.87      0.86        99
           4       0.89      0.83      0.86       103
           5       0.74      0.94      0.83        65
           6       0.95      0.90      0.92        79
           7       0.94      0.87      0.90        70
           8       0.89      0.87      0.88        93
           9       0.91      0.93      0.92        67
          10       0.87      0.88      0.88        84
          11       0.85      0.90      0.87        77
          12       0.87      0.86      0.87        71
          13       0.99      0.84      0.91        98
          14       0.86      0.87      0.86        84
          15       0.85      0.86      0.86        73
          16       0.81      0.90      0.85        68
          17       0.81      0.76      0.79        84
          18       0.82      0.86      0.84        81
          19       0.87      0.92      0.89        77
          20       0.97      0.88      0.92        68
          21       0.82      0.76      0.79        62
          22       0.88      0.92      0.90        84
          23       0.88      0.87      0.87        92
          24       0.97      0.87      0.92        83
          25       0.86      0.93      0.89        80

    accuracy                           0.87      2080
   macro avg       0.87      0.87      0.87      2080
weighted avg       0.88      0.87      0.87      2080

