r = 0:
              precision    recall  f1-score   support

           0       0.88      0.68      0.77       117
           1       0.84      0.74      0.79        97
           2       0.79      0.77      0.78        73
           3       0.84      0.87      0.85        76
           4       0.79      0.70      0.74        84
           5       0.70      0.79      0.74        80
           6       0.76      0.78      0.77        80
           7       0.71      0.77      0.74        90
           8       0.68      0.81      0.74        79
           9       0.75      0.65      0.70        83
          10       0.80      0.76      0.78        83
          11       0.69      0.86      0.77        65
          12       0.79      0.80      0.80        85
          13       0.72      0.69      0.70        83
          14       0.78      0.77      0.78        65
          15       0.73      0.73      0.73        74
          16       0.71      0.83      0.77        71
          17       0.73      0.81      0.77        63
          18       0.85      0.85      0.85        88
          19       0.78      0.77      0.77        87
          20       0.77      0.81      0.79        75
          21       0.84      0.71      0.77        72
          22       0.79      0.75      0.77        81
          23       0.65      0.82      0.72        62
          24       0.82      0.81      0.82        86
          25       0.74      0.65      0.69        81

    accuracy                           0.77      2080
   macro avg       0.77      0.77      0.76      2080
weighted avg       0.77      0.77      0.77      2080

