r = 0:
              precision    recall  f1-score   support

           0       0.85      0.87      0.86        77
           1       0.90      0.88      0.89        81
           2       0.87      0.90      0.88        81
           3       0.93      0.94      0.94        71
           4       0.94      0.87      0.91        95
           5       0.89      0.89      0.89        89
           6       0.94      0.91      0.93        93
           7       0.94      0.90      0.92        82
           8       0.82      0.82      0.82        85
           9       0.86      0.89      0.88        71
          10       0.86      0.90      0.88        80
          11       0.89      0.88      0.88        81
          12       0.79      0.89      0.84        82
          13       0.91      0.82      0.86        71
          14       0.85      0.88      0.86        75
          15       0.90      0.78      0.84        97
          16       0.81      0.86      0.83        78
          17       0.86      0.90      0.88        77
          18       0.87      0.84      0.85        69
          19       0.76      0.89      0.82        85
          20       0.91      0.82      0.86        77
          21       0.88      0.92      0.90        66
          22       0.95      0.86      0.91        96
          23       0.85      0.87      0.86        85
          24       0.84      0.83      0.84        65
          25       0.85      0.89      0.87        71

    accuracy                           0.87      2080
   macro avg       0.87      0.87      0.87      2080
weighted avg       0.88      0.87      0.87      2080

