k = 1, r = 0:
              precision    recall  f1-score   support

           0       0.95      0.96      0.95       163
           1       0.95      0.94      0.95       179
           2       0.94      0.94      0.94       155
           3       0.94      0.95      0.95       160
           4       0.95      0.92      0.94       180
           5       0.91      0.95      0.93       167
           6       0.93      0.93      0.93       166
           7       0.94      0.90      0.92       161
           8       0.90      0.94      0.92       149
           9       0.92      0.92      0.92       138
          10       0.93      0.94      0.93       159
          11       0.93      0.95      0.94       152
          12       0.92      0.92      0.92       158
          13       0.91      0.91      0.91       173
          14       0.92      0.90      0.91       157
          15       0.95      0.97      0.96       163
          16       0.98      0.92      0.95       180
          17       0.92      0.92      0.92       176
          18       0.88      0.93      0.91       148
          19       0.90      0.93      0.92       167
          20       0.93      0.93      0.93       137
          21       0.95      0.89      0.92       132
          22       0.94      0.93      0.93       175
          23       0.95      0.94      0.94       167
          24       0.93      0.97      0.95       147
          25       0.97      0.95      0.96       151

    accuracy                           0.93      4160
   macro avg       0.93      0.93      0.93      4160
weighted avg       0.93      0.93      0.93      4160

k = 2, r = 0:
              precision    recall  f1-score   support

           0       0.98      0.88      0.92       182
           1       0.90      0.91      0.91       174
           2       0.90      0.85      0.88       165
           3       0.91      0.90      0.90       164
           4       0.91      0.87      0.89       182
           5       0.87      0.89      0.88       170
           6       0.90      0.90      0.90       166
           7       0.90      0.81      0.86       172
           8       0.88      0.88      0.88       155
           9       0.91      0.91      0.91       137
          10       0.91      0.90      0.91       163
          11       0.87      0.91      0.89       150
          12       0.87      0.85      0.86       163
          13       0.83      0.92      0.87       157
          14       0.88      0.87      0.87       157
          15       0.91      0.92      0.92       164
          16       0.94      0.88      0.91       180
          17       0.84      0.90      0.87       165
          18       0.85      0.90      0.88       147
          19       0.88      0.92      0.90       167
          20       0.91      0.91      0.91       137
          21       0.90      0.84      0.87       132
          22       0.90      0.91      0.90       172
          23       0.86      0.93      0.89       153
          24       0.93      0.92      0.92       154
          25       0.87      0.98      0.92       132

    accuracy                           0.89      4160
   macro avg       0.89      0.89      0.89      4160
weighted avg       0.89      0.89      0.89      4160

k = 3, r = 0:
              precision    recall  f1-score   support

           0       0.90      0.89      0.89       165
           1       0.90      0.92      0.91       171
           2       0.89      0.85      0.87       163
           3       0.92      0.91      0.91       163
           4       0.91      0.88      0.89       180
           5       0.88      0.88      0.88       173
           6       0.90      0.88      0.89       169
           7       0.90      0.80      0.85       175
           8       0.83      0.90      0.86       143
           9       0.92      0.86      0.89       147
          10       0.90      0.92      0.91       158
          11       0.86      0.91      0.88       148
          12       0.85      0.84      0.85       159
          13       0.86      0.88      0.87       170
          14       0.88      0.91      0.89       149
          15       0.89      0.92      0.90       159
          16       0.90      0.84      0.87       180
          17       0.84      0.90      0.87       166
          18       0.83      0.90      0.87       144
          19       0.90      0.91      0.90       171
          20       0.91      0.90      0.90       138
          21       0.89      0.82      0.85       133
          22       0.89      0.88      0.89       176
          23       0.86      0.92      0.88       155
          24       0.92      0.91      0.92       154
          25       0.93      0.91      0.92       151

    accuracy                           0.89      4160
   macro avg       0.89      0.89      0.88      4160
weighted avg       0.89      0.89      0.89      4160

k = 4, r = 0:
              precision    recall  f1-score   support

           0       0.87      0.85      0.86       169
           1       0.88      0.89      0.88       173
           2       0.85      0.84      0.84       158
           3       0.89      0.87      0.88       164
           4       0.88      0.86      0.87       177
           5       0.87      0.86      0.86       176
           6       0.90      0.87      0.88       171
           7       0.87      0.78      0.82       174
           8       0.85      0.84      0.84       156
           9       0.86      0.88      0.87       135
          10       0.89      0.88      0.89       162
          11       0.86      0.88      0.87       152
          12       0.83      0.80      0.81       164
          13       0.82      0.85      0.83       165
          14       0.82      0.87      0.85       146
          15       0.89      0.93      0.91       159
          16       0.90      0.82      0.86       186
          17       0.81      0.89      0.85       161
          18       0.81      0.84      0.82       150
          19       0.83      0.89      0.86       160
          20       0.89      0.87      0.88       141
          21       0.88      0.74      0.81       145
          22       0.82      0.86      0.84       165
          23       0.83      0.91      0.87       152
          24       0.91      0.90      0.91       154
          25       0.89      0.91      0.90       145

    accuracy                           0.86      4160
   macro avg       0.86      0.86      0.86      4160
weighted avg       0.86      0.86      0.86      4160

k = 5, r = 0:
              precision    recall  f1-score   support

           0       0.84      0.85      0.84       161
           1       0.88      0.87      0.88       178
           2       0.83      0.81      0.82       158
           3       0.88      0.87      0.87       162
           4       0.88      0.86      0.87       178
           5       0.86      0.84      0.85       178
           6       0.90      0.85      0.87       175
           7       0.87      0.77      0.82       175
           8       0.83      0.85      0.84       151
           9       0.88      0.85      0.86       143
          10       0.85      0.87      0.86       157
          11       0.83      0.89      0.86       145
          12       0.85      0.81      0.83       165
          13       0.83      0.85      0.84       169
          14       0.82      0.86      0.84       148
          15       0.87      0.90      0.88       160
          16       0.88      0.81      0.84       185
          17       0.79      0.88      0.83       160
          18       0.79      0.83      0.81       150
          19       0.80      0.90      0.85       153
          20       0.88      0.83      0.85       145
          21       0.85      0.74      0.80       141
          22       0.83      0.86      0.84       167
          23       0.81      0.90      0.85       150
          24       0.89      0.87      0.88       156
          25       0.89      0.87      0.88       150

    accuracy                           0.85      4160
   macro avg       0.85      0.85      0.85      4160
weighted avg       0.85      0.85      0.85      4160

