k = 1, r = 0:
              precision    recall  f1-score   support

           0       0.86      0.97      0.91       144
           1       0.98      0.97      0.97       173
           2       0.95      0.92      0.93       154
           3       0.91      0.94      0.93       155
           4       0.96      0.93      0.94       161
           5       0.91      0.95      0.93       158
           6       0.94      0.95      0.94       173
           7       0.93      0.91      0.92       169
           8       0.90      0.97      0.93       153
           9       0.98      0.93      0.95       152
          10       0.94      0.95      0.95       162
          11       0.95      0.92      0.93       155
          12       0.90      0.93      0.91       165
          13       0.94      0.91      0.92       172
          14       0.90      0.89      0.89       138
          15       0.97      0.93      0.95       166
          16       0.96      0.94      0.95       176
          17       0.94      0.93      0.93       140
          18       0.93      0.94      0.93       162
          19       0.94      0.94      0.94       159
          20       0.92      0.95      0.93       149
          21       0.92      0.89      0.90       141
          22       0.95      0.92      0.93       174
          23       0.93      0.93      0.93       176
          24       0.95      0.93      0.94       163
          25       0.94      0.95      0.94       170

    accuracy                           0.93      4160
   macro avg       0.93      0.93      0.93      4160
weighted avg       0.93      0.93      0.93      4160

k = 2, r = 0:
              precision    recall  f1-score   support

           0       0.88      0.88      0.88       160
           1       0.96      0.91      0.93       182
           2       0.93      0.85      0.88       163
           3       0.88      0.89      0.88       157
           4       0.88      0.87      0.87       158
           5       0.87      0.91      0.89       157
           6       0.93      0.91      0.92       179
           7       0.88      0.90      0.89       160
           8       0.91      0.94      0.92       159
           9       0.97      0.93      0.95       150
          10       0.93      0.86      0.89       175
          11       0.85      0.84      0.84       152
          12       0.85      0.87      0.86       167
          13       0.88      0.87      0.88       167
          14       0.87      0.80      0.83       149
          15       0.91      0.91      0.91       161
          16       0.92      0.92      0.92       172
          17       0.88      0.91      0.90       135
          18       0.91      0.90      0.91       165
          19       0.86      0.91      0.88       150
          20       0.90      0.87      0.89       160
          21       0.85      0.88      0.86       130
          22       0.92      0.88      0.90       176
          23       0.85      0.91      0.88       164
          24       0.91      0.91      0.91       160
          25       0.84      0.95      0.89       152

    accuracy                           0.89      4160
   macro avg       0.89      0.89      0.89      4160
weighted avg       0.89      0.89      0.89      4160

k = 3, r = 0:
              precision    recall  f1-score   support

           0       0.78      0.90      0.84       140
           1       0.95      0.90      0.92       183
           2       0.91      0.81      0.86       167
           3       0.82      0.89      0.86       148
           4       0.89      0.87      0.88       160
           5       0.87      0.90      0.89       160
           6       0.90      0.92      0.91       171
           7       0.84      0.86      0.85       160
           8       0.87      0.91      0.89       157
           9       0.97      0.89      0.93       156
          10       0.93      0.87      0.90       174
          11       0.84      0.86      0.85       147
          12       0.83      0.88      0.85       161
          13       0.90      0.87      0.88       173
          14       0.87      0.79      0.83       151
          15       0.93      0.90      0.91       165
          16       0.90      0.90      0.90       173
          17       0.88      0.90      0.89       136
          18       0.88      0.89      0.88       162
          19       0.89      0.90      0.90       157
          20       0.90      0.85      0.87       162
          21       0.81      0.86      0.83       128
          22       0.91      0.87      0.89       176
          23       0.86      0.92      0.89       163
          24       0.92      0.91      0.92       161
          25       0.88      0.89      0.89       169

    accuracy                           0.88      4160
   macro avg       0.88      0.88      0.88      4160
weighted avg       0.88      0.88      0.88      4160

k = 4, r = 0:
              precision    recall  f1-score   support

           0       0.80      0.85      0.82       150
           1       0.92      0.85      0.88       188
           2       0.85      0.80      0.82       159
           3       0.81      0.85      0.83       151
           4       0.85      0.82      0.83       161
           5       0.86      0.89      0.87       160
           6       0.90      0.86      0.88       184
           7       0.77      0.82      0.80       155
           8       0.84      0.87      0.85       159
           9       0.93      0.89      0.91       150
          10       0.91      0.84      0.88       177
          11       0.79      0.83      0.81       143
          12       0.84      0.85      0.85       170
          13       0.85      0.88      0.87       160
          14       0.85      0.73      0.79       161
          15       0.90      0.88      0.89       164
          16       0.87      0.90      0.89       168
          17       0.85      0.87      0.86       135
          18       0.84      0.86      0.85       161
          19       0.84      0.88      0.86       153
          20       0.91      0.82      0.86       170
          21       0.76      0.84      0.80       123
          22       0.86      0.83      0.85       176
          23       0.83      0.88      0.85       165
          24       0.87      0.87      0.87       160
          25       0.82      0.90      0.86       157

    accuracy                           0.85      4160
   macro avg       0.85      0.85      0.85      4160
weighted avg       0.85      0.85      0.85      4160

k = 5, r = 0:
              precision    recall  f1-score   support

           0       0.78      0.86      0.82       145
           1       0.92      0.84      0.88       188
           2       0.85      0.78      0.81       161
           3       0.80      0.87      0.83       147
           4       0.85      0.81      0.83       164
           5       0.84      0.88      0.86       157
           6       0.90      0.85      0.88       185
           7       0.76      0.81      0.79       154
           8       0.80      0.84      0.82       157
           9       0.94      0.84      0.89       160
          10       0.89      0.85      0.87       171
          11       0.80      0.84      0.82       143
          12       0.79      0.83      0.81       163
          13       0.84      0.84      0.84       166
          14       0.86      0.69      0.77       170
          15       0.89      0.86      0.87       165
          16       0.84      0.90      0.87       162
          17       0.83      0.84      0.84       138
          18       0.83      0.85      0.84       160
          19       0.81      0.87      0.84       149
          20       0.91      0.83      0.87       169
          21       0.78      0.83      0.80       128
          22       0.85      0.85      0.85       169
          23       0.81      0.89      0.85       160
          24       0.89      0.84      0.86       169
          25       0.83      0.89      0.86       160

    accuracy                           0.84      4160
   macro avg       0.84      0.84      0.84      4160
weighted avg       0.84      0.84      0.84      4160

