k = 1, r = 0:
              precision    recall  f1-score   support

           0       1.00      0.86      0.92         7
           1       0.92      1.00      0.96        12
           2       1.00      1.00      1.00        10
           3       1.00      1.00      1.00         8
           4       1.00      0.86      0.92         7
           5       0.75      1.00      0.86         6
           6       1.00      0.77      0.87        13
           7       0.71      1.00      0.83         5
           8       1.00      1.00      1.00         7
           9       1.00      1.00      1.00         7
          10       1.00      1.00      1.00         9
          11       1.00      1.00      1.00         6
          12       1.00      1.00      1.00         9
          13       1.00      1.00      1.00         7
          14       1.00      1.00      1.00         9
          15       1.00      1.00      1.00         7
          16       1.00      1.00      1.00         6
          17       1.00      1.00      1.00         7
          18       1.00      0.86      0.92         7
          19       0.86      1.00      0.92         6
          20       1.00      1.00      1.00         6
          21       1.00      1.00      1.00        10
          22       1.00      0.80      0.89        10
          23       0.79      1.00      0.88        11
          24       1.00      0.92      0.96        12
          25       1.00      1.00      1.00         4

    accuracy                           0.96       208
   macro avg       0.96      0.96      0.96       208
weighted avg       0.97      0.96      0.96       208

k = 1, r = 1:
              precision    recall  f1-score   support

           0       1.00      0.89      0.94         9
           1       0.88      1.00      0.93         7
           2       1.00      1.00      1.00        12
           3       1.00      1.00      1.00         6
           4       1.00      0.86      0.92         7
           5       0.91      1.00      0.95        10
           6       1.00      1.00      1.00        12
           7       0.75      1.00      0.86         6
           8       1.00      0.80      0.89        10
           9       1.00      0.86      0.92         7
          10       0.88      0.88      0.88         8
          11       0.86      1.00      0.92         6
          12       1.00      1.00      1.00         5
          13       0.90      1.00      0.95         9
          14       1.00      0.90      0.95        10
          15       1.00      1.00      1.00        11
          16       1.00      1.00      1.00         7
          17       1.00      0.88      0.93         8
          18       0.83      1.00      0.91         5
          19       1.00      0.91      0.95        11
          20       0.90      1.00      0.95         9
          21       1.00      1.00      1.00         9
          22       1.00      1.00      1.00         6
          23       1.00      0.88      0.93         8
          24       0.83      1.00      0.91         5
          25       1.00      1.00      1.00         5

    accuracy                           0.95       208
   macro avg       0.95      0.96      0.95       208
weighted avg       0.96      0.95      0.95       208

k = 1, r = 2:
              precision    recall  f1-score   support

           0       1.00      0.91      0.95        11
           1       0.88      1.00      0.93         7
           2       1.00      1.00      1.00         9
           3       1.00      1.00      1.00         9
           4       1.00      1.00      1.00         3
           5       1.00      1.00      1.00         5
           6       1.00      0.90      0.95        10
           7       0.90      1.00      0.95         9
           8       0.85      1.00      0.92        11
           9       1.00      0.80      0.89        15
          10       0.88      1.00      0.93         7
          11       1.00      1.00      1.00         8
          12       1.00      1.00      1.00         9
          13       1.00      0.86      0.92         7
          14       0.91      1.00      0.95        10
          15       1.00      1.00      1.00         9
          16       1.00      1.00      1.00         9
          17       1.00      1.00      1.00         7
          18       1.00      1.00      1.00         3
          19       0.86      1.00      0.92         6
          20       1.00      0.67      0.80         6
          21       0.86      1.00      0.92         6
          22       1.00      1.00      1.00        10
          23       1.00      1.00      1.00         7
          24       1.00      1.00      1.00         5
          25       1.00      1.00      1.00        10

    accuracy                           0.96       208
   macro avg       0.97      0.97      0.96       208
weighted avg       0.97      0.96      0.96       208

k = 1, r = 3:
              precision    recall  f1-score   support

           0       1.00      0.88      0.93         8
           1       0.78      1.00      0.88         7
           2       0.92      0.92      0.92        12
           3       1.00      0.92      0.96        12
           4       1.00      0.86      0.92         7
           5       0.90      1.00      0.95         9
           6       1.00      1.00      1.00         7
           7       1.00      1.00      1.00         5
           8       1.00      0.83      0.91         6
           9       0.92      1.00      0.96        12
          10       1.00      1.00      1.00         7
          11       1.00      1.00      1.00         8
          12       1.00      1.00      1.00         8
          13       0.71      1.00      0.83         5
          14       1.00      0.73      0.84        11
          15       0.83      0.71      0.77         7
          16       0.83      0.91      0.87        11
          17       0.89      1.00      0.94         8
          18       1.00      0.89      0.94         9
          19       0.86      1.00      0.92         6
          20       1.00      1.00      1.00         4
          21       1.00      1.00      1.00         6
          22       1.00      0.91      0.95        11
          23       0.90      1.00      0.95         9
          24       1.00      1.00      1.00         4
          25       1.00      1.00      1.00         9

    accuracy                           0.94       208
   macro avg       0.94      0.94      0.94       208
weighted avg       0.94      0.94      0.94       208

k = 1, r = 4:
              precision    recall  f1-score   support

           0       1.00      0.80      0.89         5
           1       0.88      0.88      0.88         8
           2       0.50      1.00      0.67         2
           3       1.00      0.90      0.95        10
           4       1.00      0.89      0.94         9
           5       0.88      1.00      0.93         7
           6       1.00      0.80      0.89         5
           7       0.90      0.90      0.90        10
           8       0.89      1.00      0.94         8
           9       1.00      0.89      0.94         9
          10       0.90      1.00      0.95         9
          11       1.00      1.00      1.00         8
          12       1.00      0.89      0.94         9
          13       0.92      0.85      0.88        13
          14       0.71      0.71      0.71         7
          15       1.00      0.78      0.88         9
          16       0.80      1.00      0.89         8
          17       0.75      1.00      0.86         6
          18       1.00      1.00      1.00         5
          19       1.00      1.00      1.00         8
          20       1.00      1.00      1.00         4
          21       1.00      1.00      1.00         2
          22       1.00      0.71      0.83         7
          23       0.82      1.00      0.90         9
          24       0.67      1.00      0.80         4
          25       1.00      0.82      0.90        11

    accuracy                           0.91       192
   macro avg       0.91      0.92      0.90       192
weighted avg       0.92      0.91      0.91       192

k = 1, r = 5:
              precision    recall  f1-score   support

           0       0.86      0.86      0.86         7
           1       1.00      0.75      0.86         4
           2       1.00      1.00      1.00         9
           3       0.73      1.00      0.84         8
           4       1.00      0.83      0.91        12
           5       1.00      1.00      1.00         8
           6       1.00      1.00      1.00         9
           7       1.00      1.00      1.00        17
           8       0.88      1.00      0.93         7
           9       1.00      0.88      0.93         8
          10       1.00      0.91      0.95        11
          11       0.50      1.00      0.67         1
          12       0.88      1.00      0.93         7
          13       1.00      0.75      0.86         8
          14       0.00      0.00      0.00         0
          15       0.83      1.00      0.91        10
          16       1.00      0.85      0.92        13
          17       0.80      1.00      0.89         4
          18       0.80      0.89      0.84         9
          19       0.90      0.82      0.86        11
          20       1.00      0.83      0.91         6
          21       1.00      0.60      0.75         5
          22       0.75      1.00      0.86         6
          23       1.00      0.86      0.92         7
          24       0.92      1.00      0.96        12
          25       1.00      1.00      1.00         7

    accuracy                           0.92       206
   macro avg       0.88      0.88      0.87       206
weighted avg       0.94      0.92      0.92       206

k = 1, r = 6:
              precision    recall  f1-score   support

           0       1.00      1.00      1.00         5
           1       1.00      1.00      1.00         7
           2       1.00      1.00      1.00         7
           3       1.00      1.00      1.00        10
           4       1.00      1.00      1.00         9
           5       0.80      1.00      0.89         8
           6       1.00      0.75      0.86         8
           7       1.00      1.00      1.00         6
           8       1.00      1.00      1.00         6
           9       1.00      1.00      1.00         7
          10       0.75      1.00      0.86         6
          11       1.00      0.79      0.88        14
          12       0.88      0.88      0.88         8
          13       0.89      0.89      0.89         9
          14       0.89      1.00      0.94         8
          15       1.00      1.00      1.00         7
          16       0.89      1.00      0.94         8
          17       1.00      0.85      0.92        13
          18       0.88      1.00      0.93         7
          19       0.90      1.00      0.95         9
          20       1.00      0.92      0.96        12
          21       1.00      1.00      1.00         9
          22       1.00      0.90      0.95        10
          23       0.83      1.00      0.91         5
          24       1.00      1.00      1.00         5
          25       1.00      1.00      1.00         7

    accuracy                           0.95       210
   macro avg       0.95      0.96      0.95       210
weighted avg       0.95      0.95      0.95       210

k = 1, r = 7:
              precision    recall  f1-score   support

           0       1.00      0.82      0.90        11
           1       0.82      1.00      0.90         9
           2       1.00      1.00      1.00         8
           3       1.00      1.00      1.00         6
           4       1.00      1.00      1.00         7
           5       1.00      1.00      1.00         7
           6       1.00      0.80      0.89         5
           7       0.88      1.00      0.93         7
           8       0.89      1.00      0.94         8
           9       1.00      0.71      0.83         7
          10       0.88      0.88      0.88         8
          11       0.88      1.00      0.93         7
          12       1.00      1.00      1.00         8
          13       1.00      0.83      0.91         6
          14       0.90      1.00      0.95         9
          15       1.00      0.89      0.94         9
          16       0.90      1.00      0.95         9
          17       1.00      1.00      1.00        10
          18       1.00      1.00      1.00         7
          19       1.00      1.00      1.00         6
          20       1.00      0.80      0.89         5
          21       0.90      1.00      0.95         9
          22       1.00      0.92      0.96        12
          23       0.77      1.00      0.87        10
          24       1.00      0.78      0.88         9
          25       1.00      1.00      1.00         9

    accuracy                           0.94       208
   macro avg       0.95      0.94      0.94       208
weighted avg       0.95      0.94      0.94       208

k = 1, r = 8:
              precision    recall  f1-score   support

           0       0.80      1.00      0.89         8
           1       1.00      0.73      0.84        11
           2       0.90      1.00      0.95         9
           3       1.00      1.00      1.00         7
           4       0.75      1.00      0.86         6
           5       1.00      0.71      0.83         7
           6       1.00      1.00      1.00         4
           7       1.00      1.00      1.00        17
           8       1.00      1.00      1.00         7
           9       1.00      1.00      1.00         7
          10       1.00      0.93      0.96        14
          11       0.80      0.80      0.80         5
          12       0.90      0.90      0.90        10
          13       0.86      0.86      0.86         7
          14       0.00      0.00      0.00         0
          15       0.90      1.00      0.95         9
          16       1.00      0.83      0.91        12
          17       0.83      0.83      0.83         6
          18       0.88      1.00      0.93         7
          19       1.00      0.83      0.91         6
          20       0.90      0.90      0.90        10
          21       0.80      1.00      0.89         4
          22       1.00      1.00      1.00         9
          23       1.00      0.86      0.92         7
          24       0.90      1.00      0.95         9
          25       1.00      1.00      1.00         8

    accuracy                           0.93       206
   macro avg       0.89      0.89      0.89       206
weighted avg       0.94      0.93      0.93       206

k = 1, r = 9:
              precision    recall  f1-score   support

           0       1.00      1.00      1.00         5
           1       0.60      1.00      0.75         6
           2       0.44      0.50      0.47         8
           3       1.00      0.62      0.77        16
           4       0.83      0.83      0.83         6
           5       0.80      1.00      0.89         4
           6       1.00      1.00      1.00         6
           7       1.00      1.00      1.00         9
           8       1.00      1.00      1.00         8
           9       0.88      1.00      0.93         7
          10       0.80      0.80      0.80         5
          11       0.71      0.83      0.77         6
          12       1.00      0.80      0.89        10
          13       1.00      0.83      0.91         6
          14       0.90      0.90      0.90        10
          15       0.80      1.00      0.89         4
          16       0.89      0.89      0.89         9
          17       1.00      0.88      0.93         8
          18       0.90      0.90      0.90        10
          19       0.83      1.00      0.91        10
          20       1.00      0.88      0.93         8
          21       1.00      0.90      0.95        10
          22       0.45      1.00      0.62         5
          23       0.89      0.80      0.84        10
          24       1.00      0.86      0.92        14
          25       1.00      0.78      0.88         9

    accuracy                           0.87       209
   macro avg       0.87      0.88      0.87       209
weighted avg       0.90      0.87      0.87       209

k = 2, r = 0:
              precision    recall  f1-score   support

           0       1.00      0.75      0.86         8
           1       0.71      0.83      0.77         6
           2       0.70      1.00      0.82         7
           3       1.00      0.60      0.75        10
           4       0.80      0.89      0.84         9
           5       0.83      1.00      0.91         5
           6       1.00      1.00      1.00         7
           7       1.00      0.75      0.86         4
           8       0.90      1.00      0.95         9
           9       1.00      0.82      0.90        11
          10       0.80      0.89      0.84         9
          11       0.90      0.82      0.86        11
          12       0.78      1.00      0.88         7
          13       1.00      1.00      1.00         7
          14       1.00      0.90      0.95        10
          15       0.86      1.00      0.92         6
          16       1.00      0.80      0.89        10
          17       0.75      1.00      0.86         6
          18       1.00      1.00      1.00        10
          19       1.00      0.91      0.95        11
          20       0.80      1.00      0.89         8
          21       1.00      0.75      0.86        12
          22       0.75      0.86      0.80         7
          23       0.86      1.00      0.92         6
          24       0.92      1.00      0.96        11
          25       1.00      0.80      0.89         5

    accuracy                           0.89       212
   macro avg       0.90      0.90      0.89       212
weighted avg       0.91      0.89      0.89       212

k = 2, r = 1:
              precision    recall  f1-score   support

           0       1.00      1.00      1.00         9
           1       1.00      0.90      0.95        10
           2       0.67      1.00      0.80         2
           3       1.00      0.82      0.90        11
           4       0.71      1.00      0.83         5
           5       1.00      1.00      1.00         8
           6       1.00      1.00      1.00         9
           7       1.00      0.67      0.80         6
           8       0.82      1.00      0.90         9
           9       1.00      0.85      0.92        13
          10       0.82      0.90      0.86        10
          11       0.86      1.00      0.92         6
          12       0.90      1.00      0.95         9
          13       1.00      0.50      0.67         6
          14       0.60      0.75      0.67         4
          15       0.80      0.67      0.73         6
          16       0.78      1.00      0.88         7
          17       1.00      0.86      0.92         7
          18       0.88      1.00      0.93         7
          19       1.00      1.00      1.00         6
          20       1.00      1.00      1.00         6
          21       1.00      0.67      0.80         6
          22       0.78      1.00      0.88         7
          23       1.00      0.86      0.92         7
          24       0.80      1.00      0.89         4
          25       1.00      1.00      1.00        10

    accuracy                           0.91       190
   macro avg       0.90      0.90      0.89       190
weighted avg       0.92      0.91      0.90       190

k = 2, r = 2:
              precision    recall  f1-score   support

           0       0.92      1.00      0.96        12
           1       1.00      0.86      0.92         7
           2       1.00      1.00      1.00         9
           3       1.00      0.86      0.92         7
           4       0.89      1.00      0.94         8
           5       1.00      1.00      1.00         8
           6       1.00      1.00      1.00         6
           7       1.00      0.94      0.97        17
           8       0.92      1.00      0.96        11
           9       1.00      0.67      0.80         6
          10       0.87      1.00      0.93        13
          11       1.00      1.00      1.00         6
          12       1.00      1.00      1.00         9
          13       1.00      0.90      0.95        10
          14       0.00      0.00      0.00         0
          15       1.00      0.92      0.96        12
          16       0.91      1.00      0.95        10
          17       1.00      1.00      1.00         2
          18       1.00      0.80      0.89         5
          19       0.89      1.00      0.94         8
          20       1.00      0.80      0.89         5
          21       0.67      0.67      0.67         3
          22       0.89      0.89      0.89         9
          23       0.88      1.00      0.93         7
          24       1.00      1.00      1.00         5
          25       1.00      1.00      1.00        11

    accuracy                           0.95       206
   macro avg       0.92      0.90      0.90       206
weighted avg       0.96      0.95      0.95       206

k = 2, r = 3:
              precision    recall  f1-score   support

           0       1.00      1.00      1.00         8
           1       1.00      0.86      0.92         7
           2       0.90      0.90      0.90        10
           3       0.86      0.86      0.86         7
           4       0.88      0.88      0.88         8
           5       0.88      0.70      0.78        10
           6       0.67      1.00      0.80         8
           7       1.00      0.57      0.73         7
           8       0.73      1.00      0.84         8
           9       1.00      0.86      0.92         7
          10       1.00      0.91      0.95        11
          11       0.91      0.91      0.91        11
          12       1.00      1.00      1.00        11
          13       1.00      1.00      1.00         8
          14       0.83      0.83      0.83         6
          15       0.83      1.00      0.91         5
          16       1.00      1.00      1.00        13
          17       1.00      1.00      1.00        10
          18       1.00      1.00      1.00         8
          19       1.00      1.00      1.00        12
          20       1.00      0.86      0.92         7
          21       0.90      1.00      0.95         9
          22       1.00      1.00      1.00         4
          23       1.00      1.00      1.00         8
          24       1.00      0.67      0.80         3
          25       0.83      1.00      0.91         5

    accuracy                           0.92       211
   macro avg       0.93      0.92      0.92       211
weighted avg       0.94      0.92      0.92       211

k = 2, r = 4:
              precision    recall  f1-score   support

           0       1.00      1.00      1.00         8
           1       1.00      0.80      0.89        10
           2       0.80      0.89      0.84         9
           3       0.78      1.00      0.88         7
           4       1.00      0.75      0.86        12
           5       0.75      1.00      0.86         6
           6       1.00      1.00      1.00         6
           7       1.00      1.00      1.00         4
           8       1.00      0.80      0.89         5
           9       0.89      1.00      0.94         8
          10       1.00      1.00      1.00         9
          11       1.00      1.00      1.00         9
          12       1.00      1.00      1.00         7
          13       1.00      0.90      0.95        10
          14       0.88      0.88      0.88         8
          15       0.91      0.77      0.83        13
          16       0.70      1.00      0.82         7
          17       1.00      0.80      0.89         5
          18       0.89      0.80      0.84        10
          19       0.92      1.00      0.96        11
          20       1.00      1.00      1.00         7
          21       1.00      0.78      0.88         9
          22       0.75      1.00      0.86         6
          23       0.89      0.80      0.84        10
          24       0.80      1.00      0.89         8
          25       1.00      1.00      1.00         8

    accuracy                           0.91       212
   macro avg       0.92      0.92      0.91       212
weighted avg       0.92      0.91      0.91       212

k = 2, r = 5:
              precision    recall  f1-score   support

           0       1.00      0.85      0.92        13
           1       0.83      0.91      0.87        11
           2       0.89      0.80      0.84        10
           3       0.86      1.00      0.92        12
           4       1.00      0.88      0.93         8
           5       0.88      0.88      0.88         8
           6       0.86      1.00      0.92         6
           7       1.00      1.00      1.00         5
           8       1.00      1.00      1.00         5
           9       1.00      1.00      1.00         7
          10       1.00      1.00      1.00         5
          11       1.00      1.00      1.00         8
          12       1.00      1.00      1.00         5
          13       1.00      1.00      1.00         9
          14       1.00      1.00      1.00         9
          15       1.00      1.00      1.00        10
          16       1.00      1.00      1.00         8
          17       1.00      1.00      1.00         6
          18       1.00      1.00      1.00         9
          19       1.00      0.80      0.89         5
          20       0.92      0.92      0.92        12
          21       0.86      1.00      0.92         6
          22       1.00      1.00      1.00         5
          23       1.00      1.00      1.00         9
          24       1.00      0.91      0.95        11
          25       0.86      1.00      0.92         6

    accuracy                           0.95       208
   macro avg       0.96      0.96      0.96       208
weighted avg       0.96      0.95      0.95       208

k = 2, r = 6:
              precision    recall  f1-score   support

           0       1.00      1.00      1.00        10
           1       1.00      1.00      1.00         9
           2       1.00      1.00      1.00         9
           3       1.00      1.00      1.00         9
           4       1.00      0.78      0.88         9
           5       0.75      0.86      0.80         7
           6       0.88      1.00      0.93         7
           7       1.00      1.00      1.00         4
           8       1.00      1.00      1.00         8
           9       1.00      0.91      0.95        11
          10       0.88      0.88      0.88         8
          11       0.89      1.00      0.94         8
          12       1.00      1.00      1.00         8
          13       1.00      1.00      1.00        10
          14       1.00      0.88      0.93         8
          15       0.90      1.00      0.95         9
          16       1.00      0.88      0.93         8
          17       0.62      1.00      0.77         5
          18       1.00      0.83      0.91        12
          19       1.00      0.91      0.95        11
          20       0.50      1.00      0.67         1
          21       1.00      1.00      1.00         9
          22       1.00      0.83      0.91         6
          23       0.88      1.00      0.93         7
          24       1.00      0.90      0.95        10
          25       0.89      1.00      0.94         8

    accuracy                           0.94       211
   macro avg       0.93      0.95      0.93       211
weighted avg       0.95      0.94      0.94       211

k = 2, r = 7:
              precision    recall  f1-score   support

           0       1.00      1.00      1.00        11
           1       1.00      0.88      0.93         8
           2       0.90      1.00      0.95         9
           3       1.00      1.00      1.00         5
           4       1.00      1.00      1.00         7
           5       1.00      0.75      0.86         8
           6       0.75      1.00      0.86         6
           7       1.00      1.00      1.00         7
           8       1.00      0.75      0.86        12
           9       0.75      1.00      0.86         9
          10       1.00      0.78      0.88         9
          11       0.75      0.86      0.80         7
          12       0.92      0.85      0.88        13
          13       0.67      1.00      0.80         4
          14       1.00      0.92      0.96        12
          15       0.86      0.75      0.80         8
          16       0.78      0.88      0.82         8
          17       0.83      1.00      0.91         5
          18       1.00      1.00      1.00         6
          19       1.00      1.00      1.00         6
          20       1.00      0.93      0.97        15
          21       0.86      1.00      0.92         6
          22       1.00      1.00      1.00         7
          23       1.00      0.86      0.92         7
          24       0.90      0.90      0.90        10
          25       0.83      1.00      0.91         5

    accuracy                           0.91       210
   macro avg       0.92      0.93      0.91       210
weighted avg       0.93      0.91      0.91       210

k = 2, r = 8:
              precision    recall  f1-score   support

           0       1.00      1.00      1.00        10
           1       1.00      1.00      1.00        11
           2       1.00      0.89      0.94         9
           3       0.89      0.89      0.89         9
           4       0.80      1.00      0.89         4
           5       1.00      1.00      1.00         8
           6       1.00      1.00      1.00        10
           7       1.00      0.90      0.95        10
           8       0.88      0.78      0.82         9
           9       1.00      0.89      0.94         9
          10       0.91      1.00      0.95        10
          11       1.00      1.00      1.00         8
          12       1.00      1.00      1.00         6
          13       1.00      0.70      0.82        10
          14       0.62      0.83      0.71         6
          15       0.90      1.00      0.95         9
          16       1.00      1.00      1.00         3
          17       1.00      1.00      1.00         7
          18       1.00      0.86      0.92         7
          19       0.50      0.75      0.60         4
          20       0.86      1.00      0.92         6
          21       1.00      0.88      0.93         8
          22       0.92      0.85      0.88        13
          23       0.80      1.00      0.89         8
          24       1.00      1.00      1.00         5
          25       1.00      1.00      1.00         5

    accuracy                           0.93       204
   macro avg       0.93      0.93      0.92       204
weighted avg       0.94      0.93      0.93       204

k = 2, r = 9:
              precision    recall  f1-score   support

           0       1.00      0.89      0.94         9
           1       1.00      1.00      1.00        10
           2       1.00      1.00      1.00         9
           3       0.90      1.00      0.95         9
           4       1.00      0.75      0.86         8
           5       0.50      1.00      0.67         2
           6       1.00      0.78      0.88         9
           7       0.80      1.00      0.89         8
           8       1.00      0.80      0.89        10
           9       1.00      1.00      1.00         3
          10       0.67      0.80      0.73         5
          11       0.89      1.00      0.94         8
          12       1.00      1.00      1.00         4
          13       1.00      1.00      1.00         4
          14       1.00      1.00      1.00        13
          15       1.00      0.67      0.80         3
          16       0.50      1.00      0.67         1
          17       1.00      1.00      1.00         8
          18       1.00      1.00      1.00         6
          19       0.50      1.00      0.67         1
          20       1.00      0.50      0.67         2
          21       1.00      0.60      0.75        10
          22       0.43      0.75      0.55         4
          23       0.89      1.00      0.94         8
          24       1.00      0.80      0.89         5
          25       0.86      1.00      0.92         6

    accuracy                           0.90       165
   macro avg       0.88      0.90      0.87       165
weighted avg       0.93      0.90      0.91       165

k = 3, r = 0:
              precision    recall  f1-score   support

           0       1.00      1.00      1.00         4
           1       1.00      1.00      1.00         7
           2       1.00      0.89      0.94         9
           3       0.75      1.00      0.86         3
           4       1.00      1.00      1.00         8
           6       1.00      0.80      0.89         5
           7       0.67      0.50      0.57         4
           8       0.80      0.80      0.80        10
           9       0.00      0.00      0.00         0
          10       0.91      1.00      0.95        10
          11       1.00      1.00      1.00        10
          12       1.00      1.00      1.00        11
          13       1.00      0.71      0.83         7
          14       0.71      0.71      0.71         7
          15       0.71      1.00      0.83         5
          16       1.00      1.00      1.00         6
          17       1.00      1.00      1.00         6
          18       1.00      0.90      0.95        10
          19       1.00      1.00      1.00         7
          20       1.00      1.00      1.00         7
          21       1.00      1.00      1.00         5
          22       0.83      0.62      0.71         8
          23       0.56      1.00      0.71         5
          24       1.00      0.83      0.91        12
          25       0.83      1.00      0.91         5

    accuracy                           0.91       171
   macro avg       0.87      0.87      0.86       171
weighted avg       0.93      0.91      0.91       171

k = 3, r = 1:
              precision    recall  f1-score   support

           0       0.89      1.00      0.94         8
           1       1.00      0.88      0.93         8
           2       1.00      0.89      0.94         9
           3       0.83      1.00      0.91        10
           4       1.00      0.80      0.89        10
           5       1.00      1.00      1.00         8
           6       1.00      1.00      1.00        11
           7       1.00      1.00      1.00         9
           8       1.00      1.00      1.00         8
           9       1.00      1.00      1.00         8
          10       1.00      0.88      0.93         8
          11       0.80      0.80      0.80         5
          12       0.89      1.00      0.94         8
          13       1.00      0.75      0.86         8
          14       0.67      0.67      0.67         6
          15       0.62      1.00      0.77         5
          16       1.00      0.75      0.86         4
          17       1.00      0.71      0.83         7
          18       1.00      1.00      1.00         4
          19       0.88      1.00      0.93         7
          20       1.00      0.86      0.92         7
          21       1.00      0.89      0.94         9
          22       0.64      1.00      0.78         7
          23       1.00      0.80      0.89        10
          24       0.82      0.75      0.78        12
          25       0.73      1.00      0.84         8

    accuracy                           0.90       204
   macro avg       0.91      0.90      0.90       204
weighted avg       0.92      0.90      0.90       204

k = 3, r = 2:
              precision    recall  f1-score   support

           0       1.00      1.00      1.00         5
           1       0.71      1.00      0.83         5
           2       0.86      0.86      0.86         7
           3       1.00      1.00      1.00         8
           4       1.00      0.88      0.93         8
           5       0.90      1.00      0.95         9
           6       1.00      0.82      0.90        11
           7       0.75      0.86      0.80         7
           8       1.00      1.00      1.00         4
           9       1.00      0.88      0.93         8
          10       0.86      1.00      0.92         6
          11       0.62      1.00      0.77         5
          12       1.00      0.60      0.75        10
          13       0.92      1.00      0.96        11
          14       1.00      0.80      0.89        10
          15       0.67      1.00      0.80         4
          16       1.00      0.67      0.80         9
          17       0.58      1.00      0.74         7
          18       1.00      0.67      0.80         9
          19       0.83      0.71      0.77         7
          20       0.92      1.00      0.96        11
          21       1.00      0.88      0.93         8
          22       1.00      1.00      1.00         7
          23       1.00      1.00      1.00        11
          24       1.00      1.00      1.00        11
          25       0.86      1.00      0.92         6

    accuracy                           0.90       204
   macro avg       0.90      0.91      0.89       204
weighted avg       0.92      0.90      0.90       204

k = 3, r = 3:
              precision    recall  f1-score   support

           0       1.00      1.00      1.00         8
           1       1.00      0.90      0.95        10
           2       0.00      0.00      0.00         1
           3       0.90      1.00      0.95         9
           4       1.00      1.00      1.00         9
           5       1.00      0.86      0.92         7
           6       0.80      1.00      0.89         4
           7       1.00      0.75      0.86         4
           8       0.75      0.75      0.75         4
           9       0.67      1.00      0.80         2
          10       0.86      1.00      0.92         6
          12       1.00      0.88      0.93         8
          13       0.50      0.50      0.50         2
          14       0.00      0.00      0.00         0
          16       1.00      0.78      0.88         9
          19       0.78      0.88      0.82         8
          20       0.75      1.00      0.86         3
          22       1.00      0.88      0.93         8
          23       0.90      1.00      0.95         9
          24       1.00      1.00      1.00         4
          25       1.00      1.00      1.00         7

    accuracy                           0.91       122
   macro avg       0.80      0.82      0.81       122
weighted avg       0.92      0.91      0.91       122

k = 3, r = 4:
              precision    recall  f1-score   support

           0       1.00      1.00      1.00         6
           1       0.88      1.00      0.93         7
           2       1.00      0.91      0.95        11
           3       1.00      1.00      1.00        10
           4       0.89      1.00      0.94         8
           5       1.00      0.80      0.89        10
           6       0.75      0.86      0.80         7
           7       1.00      0.90      0.95        10
           8       1.00      1.00      1.00         4
           9       1.00      0.89      0.94         9
          10       0.80      0.80      0.80         5
          11       0.82      1.00      0.90         9
          12       1.00      0.80      0.89        10
          13       0.83      1.00      0.91         5
          14       1.00      1.00      1.00         5
          15       1.00      0.83      0.91         6
          16       1.00      1.00      1.00         5
          17       1.00      1.00      1.00         9
          18       1.00      1.00      1.00         9
          19       1.00      0.73      0.84        11
          20       0.58      1.00      0.74         7
          21       1.00      1.00      1.00         9
          22       1.00      1.00      1.00        11
          23       1.00      0.90      0.95        10
          24       0.88      1.00      0.93         7
          25       1.00      1.00      1.00         4

    accuracy                           0.93       204
   macro avg       0.94      0.94      0.93       204
weighted avg       0.95      0.93      0.93       204

k = 3, r = 5:
              precision    recall  f1-score   support

           0       1.00      1.00      1.00         5
           1       0.80      0.89      0.84         9
           2       0.57      0.44      0.50         9
           3       1.00      0.50      0.67        10
           4       1.00      1.00      1.00         8
           5       0.88      0.70      0.78        10
           6       0.57      1.00      0.73         8
           7       1.00      1.00      1.00         9
           8       0.86      0.86      0.86         7
           9       0.75      1.00      0.86         6
          10       1.00      0.86      0.92         7
          11       1.00      1.00      1.00         4
          12       0.33      1.00      0.50         1
          13       0.86      0.75      0.80         8
          14       0.89      0.80      0.84        10
          15       1.00      0.62      0.77         8
          16       0.78      1.00      0.88         7
          17       1.00      0.85      0.92        13
          18       0.43      1.00      0.60         3
          19       0.67      0.89      0.76         9
          20       1.00      0.73      0.85        15
          21       0.56      1.00      0.71         5
          22       0.89      0.80      0.84        10
          23       1.00      0.83      0.91         6
          24       1.00      0.82      0.90        11
          25       0.91      1.00      0.95        10

    accuracy                           0.83       208
   macro avg       0.84      0.86      0.82       208
weighted avg       0.87      0.83      0.84       208

k = 3, r = 6:
              precision    recall  f1-score   support

           0       1.00      1.00      1.00         8
           1       1.00      1.00      1.00         7
           2       1.00      0.83      0.91         6
           3       0.92      1.00      0.96        11
           4       1.00      1.00      1.00         9
           5       1.00      1.00      1.00         7
           6       1.00      0.89      0.94         9
           7       0.89      1.00      0.94         8
           8       1.00      1.00      1.00         9
           9       1.00      0.88      0.93         8
          10       0.86      1.00      0.92         6
          11       1.00      1.00      1.00         2
          12       1.00      1.00      1.00        10
          13       1.00      0.88      0.93         8
          14       0.80      1.00      0.89         4
          15       0.80      1.00      0.89         8
          16       1.00      0.75      0.86         8
          17       1.00      0.86      0.92         7
          18       0.89      0.89      0.89         9
          19       0.88      1.00      0.93         7
          20       1.00      1.00      1.00        11
          21       1.00      0.86      0.92         7
          22       0.90      1.00      0.95         9
          23       1.00      1.00      1.00        12
          24       1.00      1.00      1.00         8
          25       1.00      1.00      1.00        10

    accuracy                           0.96       208
   macro avg       0.96      0.95      0.95       208
weighted avg       0.96      0.96      0.96       208

k = 3, r = 7:
              precision    recall  f1-score   support

           0       0.80      0.89      0.84         9
           1       0.88      1.00      0.93         7
           2       1.00      1.00      1.00         1
           3       1.00      0.44      0.62         9
           4       0.75      1.00      0.86         9
           5       1.00      1.00      1.00         6
           6       1.00      1.00      1.00         8
           7       1.00      0.67      0.80         6
           8       0.78      1.00      0.88         7
           9       1.00      1.00      1.00         4
          10       1.00      1.00      1.00         7
          11       1.00      0.71      0.83         7
          12       0.82      1.00      0.90         9
          13       1.00      1.00      1.00         6
          14       1.00      0.71      0.83         7
          15       0.82      1.00      0.90         9
          16       0.64      0.88      0.74         8
          17       0.88      0.64      0.74        11
          18       0.90      0.90      0.90        10
          19       1.00      1.00      1.00         6
          20       1.00      1.00      1.00        10
          21       1.00      1.00      1.00         6
          22       1.00      0.89      0.94         9
          23       0.78      1.00      0.88         7
          24       1.00      0.83      0.91         6
          25       1.00      1.00      1.00         6

    accuracy                           0.89       190
   macro avg       0.92      0.91      0.90       190
weighted avg       0.91      0.89      0.89       190

k = 3, r = 8:
              precision    recall  f1-score   support

           0       1.00      1.00      1.00         7
           1       1.00      1.00      1.00         8
           2       1.00      1.00      1.00         9
           3       1.00      1.00      1.00         9
           4       1.00      0.91      0.95        11
           5       0.50      1.00      0.67         1
           6       0.67      1.00      0.80         2
           7       0.83      0.83      0.83         6
           8       1.00      0.80      0.89         5
          10       1.00      1.00      1.00         8
          11       1.00      1.00      1.00         9
          12       1.00      1.00      1.00         6
          13       1.00      1.00      1.00         7
          14       1.00      0.78      0.88         9
          15       0.80      0.80      0.80        10
          16       0.80      1.00      0.89         8
          17       1.00      0.86      0.92         7
          18       0.89      1.00      0.94         8
          19       1.00      1.00      1.00         9
          20       1.00      1.00      1.00         7
          21       1.00      1.00      1.00         3
          22       1.00      0.80      0.89         5
          23       0.86      1.00      0.92         6
          24       1.00      1.00      1.00         6
          25       1.00      1.00      1.00         5

    accuracy                           0.95       171
   macro avg       0.93      0.95      0.94       171
weighted avg       0.96      0.95      0.95       171

k = 3, r = 9:
              precision    recall  f1-score   support

           0       1.00      1.00      1.00         3
           1       1.00      0.70      0.82        10
           2       0.50      1.00      0.67         1
           3       1.00      1.00      1.00         5
           4       1.00      0.73      0.84        11
           5       0.77      1.00      0.87        10
           6       1.00      1.00      1.00         4
           7       1.00      0.67      0.80         3
           8       0.75      0.75      0.75         4
           9       1.00      0.25      0.40         4
          10       0.62      1.00      0.76         8
          12       1.00      0.82      0.90        11
          13       1.00      0.75      0.86         4
          16       0.88      1.00      0.93         7
          19       1.00      1.00      1.00         4
          20       1.00      1.00      1.00         1
          22       1.00      1.00      1.00         9
          23       0.86      0.86      0.86         7
          24       0.50      0.86      0.63         7
          25       1.00      0.78      0.88         9

    accuracy                           0.85       122
   macro avg       0.89      0.86      0.85       122
weighted avg       0.90      0.85      0.85       122

k = 4, r = 0:
              precision    recall  f1-score   support

           0       1.00      0.91      0.95        11
           1       0.86      1.00      0.92         6
           2       1.00      0.86      0.92         7
           3       0.80      1.00      0.89         4
           4       1.00      0.88      0.93         8
           5       0.89      1.00      0.94         8
           6       1.00      1.00      1.00         7
           7       1.00      0.93      0.97        15
           8       0.86      0.86      0.86         7
           9       0.92      1.00      0.96        11
          10       1.00      0.89      0.94        18
          11       0.75      0.75      0.75         8
          12       0.67      0.80      0.73         5
          13       0.91      0.91      0.91        11
          15       1.00      0.80      0.89        10
          16       0.82      0.90      0.86        10
          17       0.80      0.80      0.80         5
          18       0.89      1.00      0.94         8
          19       1.00      1.00      1.00         4
          20       1.00      0.80      0.89         5
          21       0.67      1.00      0.80         4
          22       1.00      0.90      0.95        10
          23       1.00      1.00      1.00         6
          24       1.00      0.80      0.89        10
          25       0.73      1.00      0.84         8

    accuracy                           0.91       206
   macro avg       0.90      0.91      0.90       206
weighted avg       0.92      0.91      0.91       206

k = 4, r = 1:
              precision    recall  f1-score   support

           0       1.00      0.90      0.95        10
           1       0.88      0.88      0.88         8
           2       0.83      0.83      0.83         6
           3       0.88      0.88      0.88         8
           4       0.80      1.00      0.89         4
           5       1.00      0.86      0.92         7
           6       0.91      1.00      0.95        10
           7       1.00      1.00      1.00         7
           8       1.00      1.00      1.00         8
           9       1.00      1.00      1.00         8
          10       1.00      0.83      0.91         6
          11       0.83      1.00      0.91         5
          12       1.00      1.00      1.00         7
          13       1.00      0.78      0.88         9
          14       0.85      1.00      0.92        11
          15       1.00      0.89      0.94         9
          16       0.91      1.00      0.95        10
          17       1.00      0.78      0.88         9
          18       0.91      0.71      0.80        14
          19       0.83      0.91      0.87        11
          20       0.86      1.00      0.92         6
          21       0.80      0.57      0.67         7
          22       0.60      0.86      0.71         7
          23       0.83      0.91      0.87        11
          24       0.83      0.71      0.77         7
          25       0.78      1.00      0.88         7

    accuracy                           0.89       212
   macro avg       0.90      0.90      0.89       212
weighted avg       0.90      0.89      0.89       212

k = 4, r = 2:
              precision    recall  f1-score   support

           0       1.00      0.89      0.94         9
           1       0.88      1.00      0.93         7
           2       1.00      0.86      0.92         7
           3       0.86      0.75      0.80         8
           4       0.78      1.00      0.88         7
           5       1.00      0.33      0.50         3
           6       0.33      1.00      0.50         1
           7       1.00      1.00      1.00         3
           8       1.00      1.00      1.00         4
          10       1.00      0.91      0.95        11
          11       1.00      0.80      0.89        10
          12       0.75      1.00      0.86         6
          13       1.00      0.83      0.91        12
          14       0.75      1.00      0.86         6
          15       1.00      1.00      1.00         9
          16       1.00      1.00      1.00         6
          17       1.00      1.00      1.00         7
          18       1.00      0.75      0.86        12
          19       0.75      0.90      0.82        10
          20       0.71      1.00      0.83         5
          21       1.00      1.00      1.00         2
          22       1.00      1.00      1.00         4
          23       1.00      0.86      0.92         7
          24       0.90      0.82      0.86        11
          25       0.67      1.00      0.80         4

    accuracy                           0.89       171
   macro avg       0.89      0.91      0.88       171
weighted avg       0.92      0.89      0.90       171

k = 4, r = 3:
              precision    recall  f1-score   support

           0       1.00      1.00      1.00        10
           1       1.00      0.89      0.94         9
           2       1.00      0.91      0.95        11
           3       0.88      1.00      0.93         7
           4       1.00      1.00      1.00         3
           5       1.00      0.89      0.94         9
           6       0.90      1.00      0.95         9
           7       1.00      0.44      0.62         9
           8       1.00      0.90      0.95        10
           9       1.00      0.50      0.67        12
          10       0.88      0.88      0.88         8
          11       0.71      0.71      0.71         7
          12       0.85      1.00      0.92        11
          13       1.00      1.00      1.00        11
          14       0.78      0.78      0.78         9
          15       0.60      0.75      0.67         8
          16       1.00      0.83      0.91         6
          17       0.80      0.80      0.80         5
          18       0.50      0.60      0.55         5
          19       0.83      0.83      0.83        12
          20       0.67      0.80      0.73         5
          21       0.71      1.00      0.83         5
          22       0.50      1.00      0.67         5
          23       0.86      1.00      0.92         6
          24       1.00      0.91      0.95        11
          25       0.83      1.00      0.91         5

    accuracy                           0.86       208
   macro avg       0.86      0.86      0.85       208
weighted avg       0.88      0.86      0.85       208

k = 4, r = 4:
              precision    recall  f1-score   support

           0       1.00      0.45      0.62        11
           1       0.91      1.00      0.95        10
           2       1.00      1.00      1.00         9
           3       0.86      0.75      0.80         8
           4       0.83      1.00      0.91        10
           5       0.80      0.89      0.84         9
           6       1.00      0.90      0.95        10
           7       1.00      1.00      1.00         4
           8       1.00      1.00      1.00         4
           9       0.67      0.80      0.73         5
          10       0.80      0.89      0.84         9
          11       0.89      0.80      0.84        10
          12       0.80      1.00      0.89         8
          13       1.00      0.86      0.92         7
          14       0.86      0.86      0.86         7
          15       0.75      1.00      0.86         3
          16       1.00      0.83      0.91         6
          17       0.92      0.73      0.81        15
          18       0.50      0.80      0.62         5
          19       0.89      0.89      0.89         9
          20       0.60      1.00      0.75         6
          21       0.57      0.67      0.62         6
          22       1.00      0.69      0.82        13
          23       0.89      0.89      0.89         9
          24       0.89      1.00      0.94         8
          25       1.00      1.00      1.00         7

    accuracy                           0.86       208
   macro avg       0.86      0.87      0.86       208
weighted avg       0.88      0.86      0.85       208

k = 4, r = 5:
              precision    recall  f1-score   support

           0       1.00      1.00      1.00         8
           1       1.00      1.00      1.00         8
           2       1.00      0.82      0.90        11
           3       0.83      1.00      0.91        10
           4       1.00      0.89      0.94         9
           5       0.80      1.00      0.89         4
           6       1.00      0.91      0.95        11
           7       0.83      0.83      0.83         6
           8       0.86      0.75      0.80         8
           9       0.82      0.82      0.82        11
          10       0.83      1.00      0.91        10
          11       1.00      1.00      1.00         9
          12       1.00      1.00      1.00         5
          13       1.00      0.90      0.95        10
          14       0.86      1.00      0.92         6
          15       1.00      1.00      1.00         9
          16       1.00      0.67      0.80         6
          17       0.75      1.00      0.86         6
          18       1.00      1.00      1.00         6
          19       1.00      1.00      1.00         7
          20       1.00      0.90      0.95        10
          21       0.83      1.00      0.91         5
          22       1.00      0.89      0.94         9
          23       0.88      1.00      0.93         7
          24       1.00      1.00      1.00         6
          25       1.00      1.00      1.00         7

    accuracy                           0.93       204
   macro avg       0.93      0.94      0.93       204
weighted avg       0.94      0.93      0.93       204

k = 4, r = 6:
              precision    recall  f1-score   support

           0       1.00      1.00      1.00         7
           1       1.00      0.89      0.94         9
           2       0.90      1.00      0.95         9
           3       1.00      0.88      0.93         8
           4       0.89      1.00      0.94         8
           5       1.00      1.00      1.00         8
           6       1.00      0.89      0.94         9
           7       0.91      0.83      0.87        12
           8       0.43      1.00      0.60         3
           9       1.00      0.83      0.91         6
          10       0.86      0.86      0.86         7
          11       0.90      1.00      0.95         9
          12       1.00      0.88      0.93         8
          13       0.92      0.92      0.92        12
          14       0.91      1.00      0.95        10
          15       1.00      1.00      1.00        10
          16       1.00      0.83      0.91         6
          17       0.89      0.89      0.89         9
          18       0.86      0.50      0.63        12
          19       0.64      1.00      0.78         7
          20       1.00      0.71      0.83         7
          21       0.78      1.00      0.88         7
          22       1.00      1.00      1.00         7
          23       1.00      1.00      1.00         5
          24       1.00      0.50      0.67         2
          25       0.88      1.00      0.93         7

    accuracy                           0.90       204
   macro avg       0.91      0.90      0.89       204
weighted avg       0.92      0.90      0.90       204

k = 4, r = 7:
              precision    recall  f1-score   support

           0       1.00      0.82      0.90        11
           1       0.71      1.00      0.83         5
           2       1.00      1.00      1.00         8
           3       1.00      1.00      1.00         6
           4       1.00      0.71      0.83         7
           5       0.83      0.91      0.87        11
           6       0.89      0.89      0.89         9
           7       0.86      0.75      0.80         8
           8       0.83      0.83      0.83         6
           9       0.90      1.00      0.95         9
          10       0.91      0.91      0.91        11
          11       0.83      0.71      0.77         7
          12       0.71      1.00      0.83         5
          13       1.00      0.88      0.93         8
          14       0.89      1.00      0.94         8
          15       1.00      0.75      0.86         4
          16       0.92      0.92      0.92        13
          17       0.89      1.00      0.94         8
          18       1.00      0.88      0.93         8
          19       0.69      1.00      0.82         9
          20       1.00      0.60      0.75        10
          21       0.88      1.00      0.93         7
          22       1.00      1.00      1.00         7
          23       1.00      1.00      1.00         9
          24       1.00      1.00      1.00         9
          25       1.00      1.00      1.00         5

    accuracy                           0.90       208
   macro avg       0.91      0.91      0.90       208
weighted avg       0.92      0.90      0.90       208

k = 4, r = 8:
              precision    recall  f1-score   support

           0       1.00      1.00      1.00         8
           1       1.00      1.00      1.00         6
           2       1.00      0.90      0.95        10
           3       0.83      0.83      0.83         6
           4       0.86      1.00      0.92         6
           5       1.00      0.62      0.77         8
           6       0.75      1.00      0.86         9
           7       1.00      1.00      1.00        10
           8       1.00      0.89      0.94         9
           9       0.86      1.00      0.92         6
          10       1.00      0.83      0.91        12
          11       0.86      1.00      0.92         6
          12       1.00      0.80      0.89        10
          13       0.75      1.00      0.86         9
          14       1.00      1.00      1.00         9
          15       1.00      0.80      0.89        10
          16       1.00      1.00      1.00         1
          17       1.00      1.00      1.00        10
          18       0.82      1.00      0.90         9
          19       0.83      0.83      0.83         6
          20       1.00      0.88      0.93         8
          21       0.89      1.00      0.94         8
          22       1.00      1.00      1.00         6
          23       1.00      0.91      0.95        11
          24       0.86      0.75      0.80         8
          25       0.78      1.00      0.88         7

    accuracy                           0.92       208
   macro avg       0.93      0.92      0.92       208
weighted avg       0.93      0.92      0.92       208

k = 4, r = 9:
              precision    recall  f1-score   support

           0       1.00      0.82      0.90        11
           1       0.80      1.00      0.89         8
           2       1.00      1.00      1.00         9
           3       1.00      0.83      0.91         6
           4       0.88      1.00      0.93         7
           5       1.00      1.00      1.00         6
           6       1.00      1.00      1.00        12
           7       1.00      1.00      1.00         5
           8       1.00      1.00      1.00         5
           9       1.00      0.88      0.93         8
          10       0.86      1.00      0.92         6
          11       1.00      1.00      1.00         8
          12       1.00      1.00      1.00         9
          13       1.00      0.91      0.95        11
          14       0.90      1.00      0.95         9
          15       1.00      0.75      0.86         8
          16       0.82      1.00      0.90         9
          17       1.00      1.00      1.00         5
          18       1.00      0.91      0.95        11
          19       0.80      0.67      0.73         6
          20       0.75      0.86      0.80         7
          21       0.91      1.00      0.95        10
          22       1.00      1.00      1.00        11
          23       1.00      1.00      1.00         6
          24       1.00      1.00      1.00         8
          25       1.00      1.00      1.00         7

    accuracy                           0.95       208
   macro avg       0.95      0.95      0.95       208
weighted avg       0.95      0.95      0.95       208

k = 5, r = 0:
              precision    recall  f1-score   support

           0       1.00      0.90      0.95        10
           1       0.83      0.83      0.83         6
           2       0.50      1.00      0.67         2
           3       0.67      1.00      0.80         4
           4       1.00      0.71      0.83        14
           5       0.82      1.00      0.90         9
           6       1.00      0.88      0.93         8
           7       0.64      1.00      0.78         7
           8       1.00      0.78      0.88         9
           9       1.00      0.83      0.91         6
          10       0.91      1.00      0.95        10
          11       1.00      1.00      1.00         7
          12       1.00      1.00      1.00         7
          13       1.00      0.91      0.95        11
          14       0.75      1.00      0.86         6
          15       1.00      0.83      0.91        12
          16       0.67      1.00      0.80         4
          17       1.00      0.67      0.80         9
          18       0.75      1.00      0.86         6
          19       0.82      0.90      0.86        10
          20       1.00      0.58      0.74        12
          21       0.00      0.00      0.00         0
          22       1.00      1.00      1.00         5
          23       0.50      0.75      0.60         4
          24       0.80      0.57      0.67         7
          25       1.00      1.00      1.00         7

    accuracy                           0.86       192
   macro avg       0.83      0.85      0.83       192
weighted avg       0.91      0.86      0.87       192

k = 5, r = 1:
              precision    recall  f1-score   support

           0       1.00      1.00      1.00        12
           1       1.00      0.88      0.93         8
           2       0.89      0.73      0.80        11
           3       0.86      0.75      0.80         8
           4       0.71      1.00      0.83         5
           5       1.00      1.00      1.00         5
           6       1.00      1.00      1.00        11
           7       1.00      0.75      0.86         4
           8       0.83      0.83      0.83         6
           9       0.75      0.75      0.75         4
          10       0.88      0.88      0.88         8
          11       0.82      0.90      0.86        10
          12       0.67      0.86      0.75         7
          13       1.00      0.82      0.90        11
          14       1.00      0.75      0.86         8
          15       1.00      0.80      0.89         5
          16       0.71      1.00      0.83         5
          17       0.90      0.75      0.82        12
          18       0.55      0.86      0.67         7
          19       1.00      0.86      0.92         7
          20       0.73      0.89      0.80         9
          21       0.67      0.60      0.63        10
          22       0.60      0.60      0.60         5
          23       0.80      0.73      0.76        11
          24       0.89      0.89      0.89         9
          25       0.83      1.00      0.91        10

    accuracy                           0.84       208
   macro avg       0.85      0.84      0.84       208
weighted avg       0.86      0.84      0.84       208

k = 5, r = 2:
              precision    recall  f1-score   support

           0       1.00      0.67      0.80        12
           1       1.00      1.00      1.00         8
           2       1.00      0.89      0.94         9
           3       0.38      0.75      0.50         4
           4       0.89      1.00      0.94         8
           5       1.00      1.00      1.00         6
           6       1.00      0.75      0.86         4
           7       0.91      1.00      0.95        10
           8       1.00      0.88      0.93         8
           9       0.89      0.89      0.89         9
          10       0.94      1.00      0.97        17
          11       1.00      0.56      0.71         9
          12       0.67      0.89      0.76         9
          13       0.83      0.71      0.77         7
          15       0.90      0.90      0.90        10
          16       0.90      0.90      0.90        10
          17       0.67      1.00      0.80         2
          18       1.00      1.00      1.00         8
          19       1.00      1.00      1.00        10
          20       1.00      0.88      0.93         8
          21       0.50      1.00      0.67         1
          22       0.91      0.91      0.91        11
          23       0.83      1.00      0.91        10
          24       0.86      0.86      0.86         7
          25       1.00      0.89      0.94         9

    accuracy                           0.89       206
   macro avg       0.88      0.89      0.87       206
weighted avg       0.92      0.89      0.90       206

k = 5, r = 3:
              precision    recall  f1-score   support

           0       1.00      0.78      0.88         9
           1       0.85      1.00      0.92        11
           2       1.00      1.00      1.00         5
           3       1.00      1.00      1.00         3
           4       1.00      0.80      0.89        10
           5       0.91      0.83      0.87        12
           6       0.89      1.00      0.94         8
           7       1.00      1.00      1.00         9
           8       1.00      1.00      1.00         8
           9       1.00      1.00      1.00         8
          10       1.00      0.83      0.91         6
          11       0.90      0.90      0.90        10
          12       0.86      1.00      0.92         6
          13       1.00      1.00      1.00         7
          14       1.00      0.67      0.80         9
          15       1.00      0.80      0.89         5
          16       0.89      1.00      0.94         8
          17       0.89      0.89      0.89         9
          18       0.77      0.91      0.83        11
          19       0.82      0.82      0.82        11
          20       0.78      1.00      0.88         7
          21       1.00      0.83      0.91         6
          22       0.89      0.89      0.89         9
          23       0.83      0.83      0.83         6
          24       0.88      1.00      0.93         7
          25       0.89      1.00      0.94         8

    accuracy                           0.91       208
   macro avg       0.92      0.91      0.91       208
weighted avg       0.92      0.91      0.91       208

k = 5, r = 4:
              precision    recall  f1-score   support

           0       1.00      0.78      0.88         9
           1       0.75      1.00      0.86         6
           2       1.00      1.00      1.00         6
           3       1.00      1.00      1.00        11
           4       1.00      0.80      0.89        10
           5       0.69      0.90      0.78        10
           6       0.89      0.89      0.89         9
           7       0.89      1.00      0.94         8
           8       1.00      0.78      0.88         9
           9       0.80      0.80      0.80         5
          10       0.80      1.00      0.89         8
          11       1.00      0.89      0.94         9
          12       1.00      0.67      0.80         9
          13       0.75      1.00      0.86         9
          14       1.00      0.92      0.96        12
          15       0.75      0.75      0.75         4
          16       0.86      0.75      0.80         8
          17       1.00      0.89      0.94         9
          18       0.71      0.62      0.67         8
          19       0.56      1.00      0.71         5
          20       1.00      0.50      0.67         2
          21       0.88      0.70      0.78        10
          22       0.80      0.89      0.84         9
          23       0.89      1.00      0.94         8
          24       1.00      0.88      0.93         8
          25       0.88      1.00      0.93         7

    accuracy                           0.87       208
   macro avg       0.88      0.86      0.86       208
weighted avg       0.89      0.87      0.87       208

k = 5, r = 5:
              precision    recall  f1-score   support

           0       1.00      0.91      0.95        11
           1       0.92      1.00      0.96        11
           2       1.00      1.00      1.00         6
           3       1.00      0.88      0.93         8
           4       0.80      1.00      0.89         4
           5       1.00      0.88      0.93         8
           6       0.80      1.00      0.89         4
           7       1.00      0.82      0.90        11
           8       1.00      0.89      0.94         9
           9       1.00      0.80      0.89        10
          10       0.90      0.90      0.90        10
          11       0.77      1.00      0.87        10
          12       1.00      0.78      0.88         9
          13       1.00      0.82      0.90        11
          14       0.67      1.00      0.80         6
          15       1.00      1.00      1.00         6
          16       1.00      1.00      1.00         8
          17       1.00      0.75      0.86         4
          18       0.78      0.88      0.82         8
          19       0.90      0.69      0.78        13
          20       0.67      1.00      0.80         8
          21       0.67      1.00      0.80         4
          22       1.00      1.00      1.00        10
          23       1.00      1.00      1.00         9
          24       1.00      0.75      0.86         4
          25       0.90      1.00      0.95         9

    accuracy                           0.91       211
   macro avg       0.91      0.91      0.90       211
weighted avg       0.93      0.91      0.91       211

k = 5, r = 6:
              precision    recall  f1-score   support

           0       1.00      0.80      0.89        10
           1       0.78      0.88      0.82         8
           2       0.88      0.88      0.88         8
           3       0.90      0.90      0.90        10
           4       0.92      0.92      0.92        12
           5       0.88      0.64      0.74        11
           6       0.88      0.78      0.82         9
           7       0.20      1.00      0.33         1
           8       1.00      0.92      0.96        12
           9       0.91      0.83      0.87        12
          10       0.67      1.00      0.80         4
          11       1.00      0.82      0.90        11
          12       0.82      0.90      0.86        10
          13       0.83      0.83      0.83         6
          14       0.88      0.70      0.78        10
          15       0.56      1.00      0.71         5
          16       1.00      0.89      0.94         9
          17       0.86      1.00      0.92         6
          18       1.00      0.83      0.91         6
          19       0.80      1.00      0.89         4
          20       1.00      1.00      1.00         1
          21       1.00      1.00      1.00         8
          22       1.00      1.00      1.00        13
          23       1.00      1.00      1.00         6
          24       1.00      1.00      1.00         5
          25       1.00      1.00      1.00         7

    accuracy                           0.88       204
   macro avg       0.87      0.90      0.87       204
weighted avg       0.91      0.88      0.89       204

k = 5, r = 7:
              precision    recall  f1-score   support

           0       1.00      1.00      1.00         8
           1       1.00      1.00      1.00         7
           2       0.89      1.00      0.94         8
           3       1.00      0.78      0.88         9
           4       0.88      1.00      0.93         7
           5       1.00      0.83      0.91         6
           6       0.86      0.86      0.86         7
           7       0.90      0.56      0.69        16
           8       1.00      0.83      0.91         6
           9       0.89      1.00      0.94         8
          10       0.36      1.00      0.53         4
          11       1.00      1.00      1.00         7
          12       1.00      1.00      1.00         9
          13       1.00      1.00      1.00         6
          14       0.67      1.00      0.80         4
          15       1.00      0.57      0.73        14
          16       0.40      1.00      0.57         4
          17       1.00      0.82      0.90        11
          18       1.00      0.71      0.83         7
          19       0.71      0.62      0.67         8
          20       0.70      0.78      0.74         9
          21       0.78      0.78      0.78         9
          22       0.67      0.67      0.67         6
          23       0.78      1.00      0.88         7
          24       1.00      0.77      0.87        13
          25       0.77      1.00      0.87        10

    accuracy                           0.84       210
   macro avg       0.86      0.87      0.84       210
weighted avg       0.88      0.84      0.84       210

k = 5, r = 8:
              precision    recall  f1-score   support

           0       1.00      0.83      0.91        12
           1       0.78      1.00      0.88         7
           2       1.00      1.00      1.00         2
           3       1.00      0.78      0.88         9
           4       0.71      0.50      0.59        10
           5       0.50      1.00      0.67         5
           6       1.00      0.75      0.86         8
           7       0.83      0.71      0.77         7
           8       0.64      1.00      0.78         7
           9       1.00      0.73      0.85        15
          10       0.60      0.75      0.67         4
          11       0.83      1.00      0.91         5
          12       1.00      1.00      1.00         5
          13       1.00      1.00      1.00         8
          14       1.00      0.50      0.67         4
          15       0.86      0.67      0.75         9
          16       0.80      0.80      0.80        10
          17       0.77      0.91      0.83        11
          18       0.71      0.71      0.71         7
          19       0.64      0.78      0.70         9
          20       0.67      0.57      0.62         7
          21       0.71      1.00      0.83         5
          22       1.00      1.00      1.00         5
          23       1.00      0.86      0.92         7
          24       0.80      0.67      0.73         6
          25       0.75      1.00      0.86         6

    accuracy                           0.81       190
   macro avg       0.83      0.83      0.81       190
weighted avg       0.84      0.81      0.81       190

k = 5, r = 9:
              precision    recall  f1-score   support

           0       1.00      0.89      0.94         9
           1       1.00      1.00      1.00         6
           2       1.00      0.88      0.93         8
           3       0.82      1.00      0.90         9
           4       1.00      0.89      0.94         9
           5       0.86      0.86      0.86         7
           6       0.86      1.00      0.92         6
           7       1.00      0.82      0.90        11
           8       0.50      1.00      0.67         2
           9       1.00      1.00      1.00        11
          10       1.00      0.88      0.93         8
          11       0.80      1.00      0.89         4
          12       1.00      1.00      1.00        11
          13       1.00      0.89      0.94         9
          14       0.89      0.89      0.89         9
          15       0.89      0.89      0.89         9
          16       0.89      0.89      0.89         9
          17       0.86      0.86      0.86         7
          18       0.89      0.89      0.89         9
          19       1.00      1.00      1.00         2
          20       1.00      0.89      0.94         9
          21       0.75      1.00      0.86         6
          22       1.00      0.86      0.92         7
          23       0.88      0.88      0.88         8
          24       0.91      0.91      0.91        11
          25       0.89      1.00      0.94         8

    accuracy                           0.92       204
   macro avg       0.91      0.92      0.91       204
weighted avg       0.93      0.92      0.92       204

