k = 1, r = 0:
              precision    recall  f1-score   support

           0       0.69      0.67      0.68       180
           1       0.70      0.79      0.74       151
           2       0.77      0.70      0.73       169
           3       0.73      0.86      0.79       161
           4       0.72      0.61      0.66       176
           5       0.72      0.74      0.73       159
           6       0.72      0.76      0.74       157
           7       0.65      0.57      0.61       184
           8       0.69      0.72      0.71       159
           9       0.62      0.74      0.67       120
          10       0.75      0.75      0.75       166
          11       0.72      0.67      0.69       153
          12       0.67      0.74      0.70       148
          13       0.65      0.55      0.59       194
          14       0.64      0.69      0.67       146
          15       0.71      0.76      0.73       142
          16       0.53      0.67      0.60       132
          17       0.76      0.56      0.64       209
          18       0.74      0.67      0.71       168
          19       0.64      0.80      0.71       125
          20       0.59      0.46      0.52       190
          21       0.66      0.60      0.63       148
          22       0.72      0.68      0.70       176
          23       0.69      0.81      0.75       149
          24       0.58      0.64      0.61       152
          25       0.72      0.81      0.76       146

    accuracy                           0.69      4160
   macro avg       0.68      0.69      0.69      4160
weighted avg       0.69      0.69      0.68      4160

k = 2, r = 0:
              precision    recall  f1-score   support

           0       0.76      0.50      0.60       267
           1       0.78      0.59      0.68       226
           2       0.83      0.52      0.64       242
           3       0.71      0.80      0.75       168
           4       0.70      0.53      0.60       196
           5       0.72      0.64      0.68       184
           6       0.73      0.65      0.69       186
           7       0.70      0.47      0.56       236
           8       0.72      0.54      0.62       220
           9       0.48      0.68      0.56       102
          10       0.68      0.61      0.64       184
          11       0.66      0.61      0.64       154
          12       0.60      0.66      0.63       148
          13       0.60      0.52      0.56       191
          14       0.66      0.61      0.63       169
          15       0.66      0.69      0.67       145
          16       0.37      0.60      0.45       102
          17       0.63      0.52      0.57       185
          18       0.59      0.70      0.64       128
          19       0.49      0.72      0.58       105
          20       0.44      0.50      0.47       130
          21       0.49      0.71      0.58        92
          22       0.58      0.79      0.67       123
          23       0.51      0.88      0.64       101
          24       0.38      0.83      0.52        76
          25       0.59      0.96      0.73       100

    accuracy                           0.62      4160
   macro avg       0.62      0.65      0.62      4160
weighted avg       0.65      0.62      0.62      4160

k = 3, r = 0:
              precision    recall  f1-score   support

           0       0.75      0.46      0.57       286
           1       0.77      0.54      0.63       243
           2       0.79      0.50      0.61       243
           3       0.69      0.82      0.75       160
           4       0.70      0.49      0.58       209
           5       0.69      0.63      0.66       180
           6       0.73      0.60      0.66       200
           7       0.64      0.46      0.54       220
           8       0.63      0.55      0.59       190
           9       0.50      0.62      0.55       117
          10       0.70      0.68      0.69       170
          11       0.68      0.64      0.66       151
          12       0.61      0.67      0.64       147
          13       0.54      0.51      0.52       174
          14       0.59      0.64      0.61       146
          15       0.66      0.77      0.71       132
          16       0.35      0.64      0.45        91
          17       0.62      0.61      0.62       155
          18       0.64      0.77      0.70       128
          19       0.51      0.71      0.60       112
          20       0.47      0.49      0.48       143
          21       0.60      0.72      0.65       111
          22       0.59      0.79      0.68       126
          23       0.57      0.88      0.69       113
          24       0.47      0.79      0.59       100
          25       0.62      0.89      0.73       113

    accuracy                           0.62      4160
   macro avg       0.62      0.65      0.62      4160
weighted avg       0.64      0.62      0.62      4160

k = 4, r = 0:
              precision    recall  f1-score   support

           0       0.73      0.44      0.55       292
           1       0.77      0.52      0.62       250
           2       0.77      0.51      0.61       233
           3       0.65      0.81      0.72       151
           4       0.68      0.46      0.55       220
           5       0.67      0.64      0.66       171
           6       0.72      0.65      0.68       184
           7       0.67      0.49      0.57       216
           8       0.70      0.63      0.67       185
           9       0.50      0.68      0.58       106
          10       0.69      0.70      0.70       162
          11       0.68      0.64      0.66       150
          12       0.64      0.72      0.67       144
          13       0.53      0.49      0.51       179
          14       0.58      0.62      0.60       146
          15       0.69      0.81      0.75       129
          16       0.34      0.60      0.44        95
          17       0.64      0.59      0.61       167
          18       0.66      0.79      0.72       126
          19       0.49      0.71      0.58       107
          20       0.45      0.42      0.43       161
          21       0.57      0.71      0.64       108
          22       0.62      0.74      0.67       139
          23       0.54      0.85      0.66       112
          24       0.47      0.70      0.56       112
          25       0.60      0.85      0.70       115

    accuracy                           0.62      4160
   macro avg       0.62      0.65      0.62      4160
weighted avg       0.64      0.62      0.62      4160

k = 5, r = 0:
              precision    recall  f1-score   support

           0       0.71      0.47      0.56       268
           1       0.78      0.55      0.65       241
           2       0.75      0.50      0.60       228
           3       0.66      0.82      0.73       154
           4       0.67      0.47      0.55       209
           5       0.64      0.64      0.64       163
           6       0.72      0.63      0.67       188
           7       0.65      0.47      0.55       219
           8       0.63      0.59      0.61       179
           9       0.50      0.63      0.56       115
          10       0.72      0.74      0.73       161
          11       0.66      0.60      0.63       156
          12       0.62      0.71      0.66       141
          13       0.52      0.52      0.52       165
          14       0.57      0.63      0.60       141
          15       0.70      0.78      0.74       138
          16       0.32      0.51      0.39       103
          17       0.64      0.58      0.61       166
          18       0.68      0.73      0.71       143
          19       0.47      0.72      0.57       101
          20       0.46      0.41      0.43       167
          21       0.58      0.66      0.62       119
          22       0.62      0.69      0.66       150
          23       0.54      0.81      0.65       116
          24       0.48      0.74      0.58       108
          25       0.63      0.85      0.72       121

    accuracy                           0.61      4160
   macro avg       0.61      0.63      0.61      4160
weighted avg       0.63      0.61      0.61      4160

