r = 0:
              precision    recall  f1-score   support

           0       0.18      0.28      0.22        61
           1       0.15      0.22      0.18        60
           2       0.50      0.29      0.37       110
           3       0.29      0.21      0.24       117
           4       0.34      0.31      0.33        89
           5       0.24      0.21      0.22        85
           6       0.24      0.28      0.26        64
           7       0.18      0.21      0.19        72
           8       0.23      0.26      0.24        74
           9       0.14      0.17      0.15        59
          10       0.28      0.26      0.27        89
          11       0.21      0.36      0.26        53
          12       0.22      0.17      0.19       103
          13       0.06      0.09      0.08        54
          14       0.18      0.16      0.17        79
          15       0.27      0.27      0.27        73
          16       0.22      0.22      0.22        79
          17       0.20      0.25      0.22        65
          18       0.31      0.21      0.25       118
          19       0.13      0.09      0.10       116
          20       0.14      0.21      0.17        53
          21       0.39      0.35      0.37        80
          22       0.15      0.16      0.16        75
          23       0.37      0.31      0.34       100
          24       0.07      0.12      0.08        50
          25       0.26      0.22      0.24       102

    accuracy                           0.23      2080
   macro avg       0.23      0.23      0.22      2080
weighted avg       0.24      0.23      0.23      2080

