r = 0:
              precision    recall  f1-score   support

           0       0.74      0.83      0.78        78
           1       0.49      0.52      0.51        86
           2       0.71      0.65      0.68        91
           3       0.63      0.57      0.60        88
           4       0.69      0.62      0.65        85
           5       0.69      0.64      0.66        99
           6       0.59      0.57      0.58        76
           7       0.60      0.52      0.56        71
           8       0.49      0.52      0.51        73
           9       0.63      0.59      0.61        78
          10       0.64      0.67      0.66        89
          11       0.47      0.50      0.48        54
          12       0.61      0.61      0.61        83
          13       0.46      0.55      0.50        71
          14       0.52      0.52      0.52        71
          15       0.65      0.70      0.67        91
          16       0.56      0.68      0.62        76
          17       0.65      0.54      0.59        76
          18       0.58      0.58      0.58        72
          19       0.49      0.42      0.45        84
          20       0.54      0.74      0.62        58
          21       0.60      0.68      0.64        65
          22       0.70      0.57      0.63        94
          23       0.61      0.57      0.59        90
          24       0.46      0.55      0.50        76
          25       0.67      0.58      0.62       105

    accuracy                           0.60      2080
   macro avg       0.60      0.60      0.59      2080
weighted avg       0.60      0.60      0.60      2080

r = 1:
              precision    recall  f1-score   support

           0       0.74      0.82      0.78        79
           1       0.49      0.51      0.50        89
           2       0.70      0.64      0.67        90
           3       0.63      0.56      0.60        89
           4       0.68      0.62      0.65        84
           5       0.69      0.64      0.67        98
           6       0.60      0.58      0.59        76
           7       0.60      0.53      0.56        70
           8       0.47      0.49      0.48        74
           9       0.63      0.59      0.61        78
          10       0.64      0.66      0.65        91
          11       0.47      0.51      0.49        53
          12       0.62      0.62      0.62        84
          13       0.44      0.54      0.48        69
          14       0.52      0.52      0.52        71
          15       0.65      0.70      0.67        92
          16       0.58      0.71      0.64        76
          17       0.65      0.56      0.60        73
          18       0.58      0.58      0.58        72
          19       0.49      0.41      0.45        85
          20       0.53      0.71      0.60        59
          21       0.60      0.67      0.63        66
          22       0.71      0.57      0.64        96
          23       0.63      0.58      0.60        90
          24       0.45      0.55      0.49        75
          25       0.66      0.59      0.62       101

    accuracy                           0.60      2080
   macro avg       0.59      0.59      0.59      2080
weighted avg       0.60      0.60      0.60      2080

r = 2:
              precision    recall  f1-score   support

           0       0.73      0.80      0.76        80
           1       0.49      0.51      0.50        88
           2       0.70      0.64      0.67        90
           3       0.63      0.56      0.59        90
           4       0.66      0.62      0.64        82
           5       0.70      0.66      0.68        97
           6       0.60      0.59      0.59        75
           7       0.60      0.53      0.56        70
           8       0.49      0.53      0.51        72
           9       0.64      0.59      0.62        79
          10       0.65      0.69      0.67        89
          11       0.47      0.51      0.49        53
          12       0.63      0.63      0.63        84
          13       0.48      0.54      0.51        74
          14       0.54      0.51      0.52        74
          15       0.66      0.71      0.68        91
          16       0.58      0.69      0.63        78
          17       0.63      0.56      0.59        72
          18       0.58      0.60      0.59        70
          19       0.49      0.42      0.45        83
          20       0.53      0.71      0.60        59
          21       0.60      0.65      0.62        68
          22       0.70      0.59      0.64        92
          23       0.61      0.57      0.59        90
          24       0.48      0.57      0.52        77
          25       0.67      0.59      0.63       103

    accuracy                           0.60      2080
   macro avg       0.60      0.60      0.60      2080
weighted avg       0.60      0.60      0.60      2080

r = 3:
              precision    recall  f1-score   support

           0       0.73      0.81      0.77        79
           1       0.50      0.52      0.51        89
           2       0.70      0.64      0.67        90
           3       0.63      0.58      0.61        86
           4       0.69      0.63      0.66        84
           5       0.70      0.64      0.67       100
           6       0.60      0.59      0.59        75
           7       0.58      0.51      0.54        71
           8       0.48      0.51      0.50        72
           9       0.63      0.60      0.61        77
          10       0.66      0.67      0.66        93
          11       0.47      0.51      0.49        53
          12       0.61      0.61      0.61        83
          13       0.48      0.56      0.51        72
          14       0.52      0.52      0.52        71
          15       0.65      0.70      0.67        91
          16       0.57      0.69      0.62        77
          17       0.63      0.56      0.60        71
          18       0.58      0.60      0.59        70
          19       0.49      0.43      0.45        82
          20       0.53      0.71      0.60        59
          21       0.62      0.65      0.63        69
          22       0.71      0.57      0.63        97
          23       0.64      0.58      0.61        91
          24       0.47      0.59      0.52        73
          25       0.69      0.60      0.64       105

    accuracy                           0.60      2080
   macro avg       0.60      0.60      0.60      2080
weighted avg       0.61      0.60      0.60      2080

r = 4:
              precision    recall  f1-score   support

           0       0.73      0.84      0.78        76
           1       0.49      0.49      0.49        91
           2       0.70      0.65      0.67        89
           3       0.63      0.56      0.59        90
           4       0.69      0.62      0.65        85
           5       0.69      0.64      0.67        98
           6       0.60      0.57      0.59        77
           7       0.60      0.53      0.56        70
           8       0.48      0.52      0.50        71
           9       0.63      0.61      0.62        76
          10       0.67      0.69      0.68        91
          11       0.47      0.51      0.49        53
          12       0.62      0.62      0.62        84
          13       0.46      0.55      0.50        71
          14       0.52      0.52      0.52        71
          15       0.66      0.70      0.68        93
          16       0.57      0.70      0.63        76
          17       0.63      0.54      0.58        74
          18       0.58      0.59      0.59        71
          19       0.49      0.43      0.45        82
          20       0.53      0.71      0.60        59
          21       0.60      0.67      0.63        66
          22       0.71      0.57      0.64        96
          23       0.64      0.59      0.61        90
          24       0.48      0.57      0.52        77
          25       0.68      0.60      0.64       103

    accuracy                           0.60      2080
   macro avg       0.60      0.60      0.60      2080
weighted avg       0.61      0.60      0.60      2080

r = 5:
              precision    recall  f1-score   support

           0       0.73      0.82      0.77        78
           1       0.48      0.52      0.50        85
           2       0.71      0.65      0.68        91
           3       0.63      0.56      0.60        89
           4       0.66      0.61      0.63        84
           5       0.70      0.65      0.68        98
           6       0.60      0.57      0.59        77
           7       0.56      0.51      0.53        69
           8       0.47      0.49      0.48        73
           9       0.64      0.60      0.62        78
          10       0.64      0.67      0.66        89
          11       0.47      0.52      0.49        52
          12       0.62      0.63      0.62        83
          13       0.46      0.55      0.50        71
          14       0.54      0.52      0.53        73
          15       0.65      0.70      0.67        91
          16       0.56      0.69      0.62        75
          17       0.67      0.57      0.61        74
          18       0.58      0.58      0.58        72
          19       0.49      0.41      0.45        85
          20       0.53      0.71      0.60        59
          21       0.60      0.65      0.62        68
          22       0.70      0.55      0.62        98
          23       0.63      0.58      0.60        90
          24       0.47      0.57      0.51        76
          25       0.67      0.60      0.63       102

    accuracy                           0.60      2080
   macro avg       0.59      0.60      0.59      2080
weighted avg       0.60      0.60      0.60      2080

r = 6:
              precision    recall  f1-score   support

           0       0.73      0.82      0.77        78
           1       0.49      0.50      0.49        90
           2       0.71      0.65      0.68        91
           3       0.63      0.55      0.59        91
           4       0.68      0.63      0.65        83
           5       0.69      0.65      0.67        97
           6       0.60      0.57      0.59        77
           7       0.60      0.53      0.56        70
           8       0.47      0.50      0.48        72
           9       0.64      0.60      0.62        78
          10       0.64      0.68      0.66        88
          11       0.47      0.52      0.49        52
          12       0.62      0.63      0.62        83
          13       0.44      0.51      0.47        72
          14       0.52      0.52      0.52        71
          15       0.66      0.71      0.68        92
          16       0.56      0.69      0.62        75
          17       0.65      0.55      0.60        74
          18       0.58      0.60      0.59        70
          19       0.49      0.42      0.45        83
          20       0.51      0.71      0.59        58
          21       0.62      0.66      0.64        68
          22       0.71      0.58      0.64        95
          23       0.64      0.58      0.61        91
          24       0.47      0.55      0.51        78
          25       0.66      0.58      0.62       103

    accuracy                           0.60      2080
   macro avg       0.60      0.60      0.59      2080
weighted avg       0.60      0.60      0.60      2080

r = 7:
              precision    recall  f1-score   support

           0       0.73      0.81      0.77        79
           1       0.49      0.50      0.49        90
           2       0.70      0.65      0.67        89
           3       0.63      0.57      0.60        88
           4       0.69      0.64      0.66        83
           5       0.69      0.64      0.66        99
           6       0.62      0.58      0.60        77
           7       0.60      0.53      0.56        70
           8       0.48      0.51      0.49        73
           9       0.64      0.61      0.63        77
          10       0.66      0.69      0.67        90
          11       0.47      0.52      0.49        52
          12       0.62      0.61      0.62        85
          13       0.45      0.53      0.49        72
          14       0.54      0.52      0.53        73
          15       0.65      0.70      0.67        91
          16       0.57      0.69      0.62        77
          17       0.62      0.53      0.57        73
          18       0.57      0.59      0.58        70
          19       0.49      0.41      0.45        85
          20       0.53      0.71      0.60        59
          21       0.62      0.67      0.64        67
          22       0.70      0.58      0.64        93
          23       0.63      0.58      0.60        90
          24       0.47      0.57      0.52        75
          25       0.68      0.60      0.64       103

    accuracy                           0.60      2080
   macro avg       0.60      0.60      0.60      2080
weighted avg       0.60      0.60      0.60      2080

r = 8:
              precision    recall  f1-score   support

           0       0.74      0.84      0.79        77
           1       0.49      0.50      0.49        90
           2       0.69      0.64      0.66        89
           3       0.63      0.55      0.59        91
           4       0.66      0.60      0.63        85
           5       0.69      0.65      0.67        97
           6       0.59      0.58      0.59        74
           7       0.58      0.51      0.55        70
           8       0.48      0.49      0.49        75
           9       0.63      0.61      0.62        76
          10       0.66      0.67      0.67        92
          11       0.47      0.53      0.50        51
          12       0.61      0.61      0.61        83
          13       0.43      0.52      0.47        69
          14       0.52      0.52      0.52        71
          15       0.66      0.71      0.68        92
          16       0.57      0.71      0.63        75
          17       0.67      0.55      0.60        76
          18       0.58      0.59      0.59        71
          19       0.49      0.41      0.45        85
          20       0.53      0.70      0.60        60
          21       0.60      0.67      0.63        66
          22       0.71      0.59      0.64        94
          23       0.63      0.58      0.60        90
          24       0.47      0.56      0.51        77
          25       0.67      0.59      0.63       104

    accuracy                           0.60      2080
   macro avg       0.59      0.60      0.59      2080
weighted avg       0.60      0.60      0.60      2080

r = 9:
              precision    recall  f1-score   support

           0       0.73      0.82      0.77        78
           1       0.50      0.51      0.50        91
           2       0.69      0.63      0.66        90
           3       0.62      0.56      0.59        88
           4       0.68      0.62      0.65        84
           5       0.70      0.65      0.68        98
           6       0.59      0.57      0.58        76
           7       0.61      0.53      0.57        72
           8       0.45      0.50      0.48        70
           9       0.64      0.60      0.62        78
          10       0.66      0.68      0.67        91
          11       0.47      0.52      0.49        52
          12       0.61      0.61      0.61        83
          13       0.45      0.54      0.49        71
          14       0.52      0.51      0.52        72
          15       0.66      0.73      0.69        89
          16       0.56      0.68      0.62        76
          17       0.65      0.55      0.59        75
          18       0.58      0.59      0.59        71
          19       0.49      0.42      0.45        84
          20       0.53      0.70      0.60        60
          21       0.60      0.66      0.63        67
          22       0.71      0.57      0.63        97
          23       0.63      0.59      0.61        88
          24       0.48      0.58      0.53        76
          25       0.68      0.60      0.64       103

    accuracy                           0.60      2080
   macro avg       0.60      0.60      0.59      2080
weighted avg       0.60      0.60      0.60      2080

