r = 0:
              precision    recall  f1-score   support

           0       0.51      0.45      0.48        89
           1       0.42      0.41      0.42        87
           2       0.54      0.49      0.51        76
           3       0.55      0.55      0.55        87
           4       0.68      0.58      0.62        92
           5       0.61      0.58      0.60        77
           6       0.57      0.61      0.59        76
           7       0.40      0.40      0.40        78
           8       0.32      0.39      0.35        64
           9       0.45      0.39      0.42        76
          10       0.57      0.56      0.57       103
          11       0.33      0.45      0.38        64
          12       0.56      0.53      0.54        80
          13       0.39      0.44      0.42        75
          14       0.38      0.40      0.39        67
          15       0.55      0.60      0.57        77
          16       0.48      0.48      0.48        62
          17       0.47      0.54      0.51        87
          18       0.45      0.59      0.51        68
          19       0.48      0.48      0.48        82
          20       0.61      0.54      0.57        72
          21       0.62      0.58      0.60        67
          22       0.62      0.43      0.51       126
          23       0.56      0.58      0.57        83
          24       0.41      0.36      0.38        96
          25       0.39      0.48      0.43        69

    accuracy                           0.50      2080
   macro avg       0.50      0.50      0.49      2080
weighted avg       0.50      0.50      0.50      2080

