r = 0:
              precision    recall  f1-score   support

           0       0.76      0.82      0.79        66
           1       0.89      0.85      0.87       103
           2       0.85      0.87      0.86        78
           3       0.77      0.87      0.82        75
           4       0.86      0.79      0.82       101
           5       0.81      0.87      0.84        78
           6       0.84      0.82      0.83        78
           7       0.82      0.84      0.83        74
           8       0.81      0.83      0.82        84
           9       0.89      0.93      0.91        71
          10       0.90      0.80      0.85        81
          11       0.86      0.90      0.88        77
          12       0.85      0.88      0.86        72
          13       0.82      0.85      0.84        82
          14       0.83      0.78      0.81        74
          15       0.85      0.86      0.85        91
          16       0.78      0.76      0.77        71
          17       0.86      0.76      0.81        91
          18       0.78      0.80      0.79        84
          19       0.84      0.82      0.83        79
          20       0.93      0.83      0.88        84
          21       0.80      0.80      0.80        70
          22       0.86      0.86      0.86        87
          23       0.75      0.87      0.80        82
          24       0.93      0.89      0.91        71
          25       0.84      0.86      0.85        76

    accuracy                           0.84      2080
   macro avg       0.84      0.84      0.84      2080
weighted avg       0.84      0.84      0.84      2080

