r = 0:
              precision    recall  f1-score   support

           0       0.69      0.67      0.68        81
           1       0.70      0.77      0.74        83
           2       0.71      0.73      0.72        73
           3       0.77      0.77      0.77        82
           4       0.73      0.80      0.76        89
           5       0.76      0.80      0.78        69
           6       0.68      0.77      0.72        79
           7       0.73      0.72      0.73        80
           8       0.69      0.61      0.65        85
           9       0.59      0.64      0.61        73
          10       0.76      0.67      0.71        88
          11       0.76      0.69      0.72        80
          12       0.89      0.82      0.86        90
          13       0.65      0.61      0.63        89
          14       0.62      0.68      0.65        63
          15       0.69      0.76      0.72        67
          16       0.66      0.64      0.65        89
          17       0.69      0.59      0.64        79
          18       0.70      0.71      0.71        84
          19       0.70      0.64      0.67        72
          20       0.68      0.64      0.66        77
          21       0.70      0.73      0.72        78
          22       0.78      0.77      0.77        81
          23       0.67      0.72      0.69        78
          24       0.76      0.69      0.72        85
          25       0.65      0.77      0.71        86

    accuracy                           0.71      2080
   macro avg       0.71      0.71      0.71      2080
weighted avg       0.71      0.71      0.71      2080

