r = 0:
              precision    recall  f1-score   support

           0       0.70      0.76      0.73        83
           1       0.81      0.79      0.80        85
           2       0.85      0.82      0.83        76
           3       0.76      0.84      0.80        69
           4       0.86      0.81      0.84        85
           5       0.84      0.77      0.80        81
           6       0.81      0.85      0.83        88
           7       0.86      0.79      0.82        91
           8       0.77      0.79      0.78        89
           9       0.86      0.85      0.86        73
          10       0.78      0.90      0.84        80
          11       0.86      0.82      0.84        79
          12       0.85      0.80      0.82        83
          13       0.88      0.83      0.86        78
          14       0.79      0.80      0.80        66
          15       0.85      0.75      0.80        84
          16       0.70      0.92      0.79        62
          17       0.86      0.78      0.82        86
          18       0.68      0.77      0.72        71
          19       0.79      0.84      0.81        79
          20       0.92      0.89      0.91        81
          21       0.84      0.83      0.84        71
          22       0.79      0.84      0.82        76
          23       0.85      0.74      0.79        92
          24       0.85      0.90      0.88        83
          25       0.81      0.74      0.78        89

    accuracy                           0.81      2080
   macro avg       0.82      0.82      0.81      2080
weighted avg       0.82      0.81      0.81      2080

