r = 0:
              precision    recall  f1-score   support

           0       0.76      0.64      0.70       104
           1       0.82      0.81      0.82        81
           2       0.84      0.67      0.75        85
           3       0.80      0.78      0.79        94
           4       0.74      0.90      0.82        71
           5       0.81      0.77      0.79        75
           6       0.84      0.87      0.86        86
           7       0.76      0.68      0.72        94
           8       0.67      0.88      0.76        68
           9       0.90      0.77      0.83        96
          10       0.76      0.82      0.79        85
          11       0.74      0.70      0.72        97
          12       0.78      0.87      0.82        70
          13       0.82      0.79      0.80        98
          14       0.72      0.72      0.72        67
          15       0.73      0.81      0.77        67
          16       0.77      0.78      0.78        73
          17       0.78      0.63      0.70        93
          18       0.68      0.69      0.68        74
          19       0.77      0.81      0.79        72
          20       0.69      0.84      0.76        58
          21       0.71      0.75      0.73        68
          22       0.77      0.74      0.75        81
          23       0.70      0.75      0.72        75
          24       0.71      0.81      0.76        63
          25       0.84      0.80      0.82        85

    accuracy                           0.77      2080
   macro avg       0.77      0.77      0.77      2080
weighted avg       0.77      0.77      0.77      2080

