r = 0:
              precision    recall  f1-score   support

           0       1.00      1.00      1.00         5
           1       1.00      0.80      0.89         5
           2       0.00      0.00      0.00         0
           3       1.00      1.00      1.00         5
           4       1.00      1.00      1.00         7
           5       1.00      1.00      1.00         3
           6       1.00      1.00      1.00         5
           7       1.00      0.86      0.92         7
           8       1.00      1.00      1.00         2
           9       1.00      1.00      1.00         4
          10       1.00      0.86      0.92         7
          11       0.80      1.00      0.89         4
          12       1.00      1.00      1.00         3
          13       1.00      0.67      0.80         3
          14       0.33      1.00      0.50         1
          16       0.67      1.00      0.80         2
          17       1.00      0.60      0.75         5
          18       0.80      0.80      0.80         5
          19       0.67      1.00      0.80         2
          20       1.00      1.00      1.00         3
          21       1.00      1.00      1.00         4
          22       1.00      0.50      0.67         2
          23       0.80      1.00      0.89         4
          24       1.00      1.00      1.00         1
          25       1.00      1.00      1.00         6

    accuracy                           0.92        95
   macro avg       0.88      0.88      0.87        95
weighted avg       0.95      0.92      0.92        95

r = 1:
              precision    recall  f1-score   support

           0       0.75      1.00      0.86         3
           1       1.00      1.00      1.00         2
           2       1.00      1.00      1.00         7
           3       1.00      0.50      0.67         2
           4       0.71      1.00      0.83         5
           5       1.00      0.67      0.80         3
           6       1.00      1.00      1.00         2
           7       1.00      1.00      1.00         4
           8       0.83      1.00      0.91         5
           9       1.00      0.83      0.91         6
          10       1.00      1.00      1.00         1
          11       1.00      0.50      0.67         2
          12       0.91      0.91      0.91        11
          13       0.50      1.00      0.67         1
          14       1.00      0.80      0.89         5
          15       0.80      1.00      0.89         4
          16       1.00      0.86      0.92         7
          17       0.67      1.00      0.80         2
          18       1.00      0.83      0.91         6
          19       0.80      0.67      0.73         6
          22       0.67      0.80      0.73         5
          23       1.00      0.75      0.86         4
          24       0.83      1.00      0.91         5
          25       1.00      1.00      1.00         3

    accuracy                           0.88       101
   macro avg       0.89      0.88      0.87       101
weighted avg       0.90      0.88      0.88       101

r = 2:
              precision    recall  f1-score   support

           0       1.00      0.83      0.91         6
           1       0.86      1.00      0.92         6
           2       1.00      1.00      1.00         4
           3       1.00      0.67      0.80         3
           4       0.86      1.00      0.92         6
           5       1.00      1.00      1.00         3
           6       1.00      1.00      1.00         4
           7       0.14      1.00      0.25         1
           8       1.00      0.57      0.73        14
           9       1.00      1.00      1.00         3
          10       1.00      1.00      1.00         2
          11       1.00      0.86      0.92         7
          12       0.75      1.00      0.86         3
          13       1.00      1.00      1.00         4
          14       1.00      1.00      1.00         4
          15       1.00      1.00      1.00         2
          16       1.00      0.50      0.67         2
          17       0.75      1.00      0.86         3
          18       1.00      1.00      1.00         2
          19       1.00      1.00      1.00         3
          20       1.00      1.00      1.00         3
          21       1.00      1.00      1.00         6
          22       0.75      1.00      0.86         3
          23       1.00      0.67      0.80         3
          24       1.00      1.00      1.00         5
          25       1.00      1.00      1.00         2

    accuracy                           0.89       104
   macro avg       0.93      0.93      0.90       104
weighted avg       0.95      0.89      0.91       104

r = 3:
              precision    recall  f1-score   support

           0       1.00      1.00      1.00         7
           1       1.00      0.80      0.89         5
           2       1.00      0.50      0.67         2
           3       1.00      0.83      0.91         6
           4       0.67      1.00      0.80         2
           5       1.00      1.00      1.00         4
           6       0.00      0.00      0.00         1
           7       0.50      1.00      0.67         1
           8       0.50      1.00      0.67         2
           9       1.00      1.00      1.00         2
          10       1.00      1.00      1.00         4
          11       1.00      1.00      1.00         5
          12       1.00      1.00      1.00         3
          13       1.00      1.00      1.00         4
          14       1.00      1.00      1.00         2
          15       1.00      1.00      1.00         1
          16       1.00      1.00      1.00         7
          17       1.00      0.75      0.86         4
          18       1.00      1.00      1.00         4
          19       1.00      0.75      0.86         4
          20       1.00      0.86      0.92         7
          21       0.40      1.00      0.57         2
          22       1.00      0.75      0.86         8
          23       0.60      1.00      0.75         3
          24       1.00      1.00      1.00         2
          25       1.00      1.00      1.00         3

    accuracy                           0.91        95
   macro avg       0.87      0.89      0.86        95
weighted avg       0.94      0.91      0.91        95

r = 4:
              precision    recall  f1-score   support

           0       1.00      1.00      1.00         4
           1       1.00      1.00      1.00         5
           2       1.00      0.75      0.86         4
           3       0.80      1.00      0.89         4
           4       1.00      1.00      1.00         4
           5       1.00      1.00      1.00         5
           6       1.00      1.00      1.00         4
           7       1.00      1.00      1.00         5
           8       0.75      1.00      0.86         3
           9       1.00      0.33      0.50         3
          10       0.83      1.00      0.91         5
          11       1.00      1.00      1.00         6
          12       1.00      1.00      1.00         1
          13       1.00      1.00      1.00         3
          14       1.00      1.00      1.00         2
          15       1.00      1.00      1.00         1
          16       0.75      1.00      0.86         3
          17       1.00      0.83      0.91         6
          18       0.67      1.00      0.80         2
          19       1.00      0.60      0.75         5
          20       0.83      1.00      0.91         5
          21       1.00      1.00      1.00         4
          22       1.00      1.00      1.00         6
          23       1.00      1.00      1.00         3
          24       1.00      0.86      0.92         7
          25       0.80      1.00      0.89         4

    accuracy                           0.93       104
   macro avg       0.94      0.94      0.92       104
weighted avg       0.95      0.93      0.93       104

r = 5:
              precision    recall  f1-score   support

           0       1.00      1.00      1.00         5
           1       1.00      1.00      1.00         4
           2       1.00      1.00      1.00         4
           3       1.00      1.00      1.00         3
           4       1.00      1.00      1.00         3
           5       1.00      1.00      1.00         3
           6       1.00      1.00      1.00         2
           7       1.00      1.00      1.00         4
           8       1.00      0.75      0.86         4
           9       0.80      0.80      0.80         5
          10       0.80      1.00      0.89         4
          11       1.00      0.67      0.80         3
          12       0.88      1.00      0.93         7
          13       1.00      1.00      1.00         5
          14       1.00      1.00      1.00         3
          15       1.00      1.00      1.00         5
          16       1.00      1.00      1.00         2
          17       1.00      1.00      1.00         5
          18       1.00      0.20      0.33         5
          19       0.43      1.00      0.60         3
          20       1.00      0.83      0.91         6
          21       0.50      1.00      0.67         1
          22       1.00      1.00      1.00         2
          23       1.00      0.75      0.86         4
          24       0.83      0.83      0.83         6
          25       0.80      1.00      0.89         4

    accuracy                           0.90       102
   macro avg       0.92      0.92      0.90       102
weighted avg       0.93      0.90      0.90       102

r = 6:
              precision    recall  f1-score   support

           0       1.00      1.00      1.00         3
           1       1.00      1.00      1.00         4
           2       1.00      1.00      1.00         1
           3       1.00      1.00      1.00         6
           4       0.78      1.00      0.88         7
           5       1.00      1.00      1.00         7
           6       1.00      1.00      1.00         2
           7       1.00      1.00      1.00         3
           8       1.00      1.00      1.00         4
           9       1.00      1.00      1.00         5
          10       1.00      1.00      1.00         1
          11       1.00      0.75      0.86         4
          12       0.67      1.00      0.80         2
          13       1.00      1.00      1.00         3
          14       0.80      0.57      0.67         7
          15       0.50      1.00      0.67         3
          16       1.00      1.00      1.00         3
          17       1.00      0.75      0.86         4
          18       1.00      1.00      1.00         3
          19       1.00      1.00      1.00         4
          20       1.00      0.67      0.80         6
          21       0.67      1.00      0.80         4
          22       1.00      1.00      1.00         2
          23       1.00      0.67      0.80         9
          24       0.67      1.00      0.80         4
          25       1.00      0.67      0.80         3

    accuracy                           0.89       104
   macro avg       0.93      0.93      0.91       104
weighted avg       0.93      0.89      0.89       104

r = 7:
              precision    recall  f1-score   support

           0       0.00      0.00      0.00         1
           1       0.80      1.00      0.89         4
           2       1.00      0.71      0.83         7
           3       0.50      1.00      0.67         3
           4       1.00      1.00      1.00         5
           5       1.00      1.00      1.00         4
           6       1.00      1.00      1.00         3
           7       1.00      1.00      1.00         4
           8       1.00      1.00      1.00         3
           9       1.00      1.00      1.00         1
          10       1.00      1.00      1.00         4
          11       1.00      1.00      1.00         6
          12       0.80      1.00      0.89         4
          13       1.00      1.00      1.00         4
          14       1.00      0.62      0.77         8
          15       0.67      1.00      0.80         2
          16       1.00      1.00      1.00         5
          17       1.00      0.75      0.86         4
          18       1.00      1.00      1.00         6
          19       1.00      1.00      1.00         3
          20       1.00      1.00      1.00         5
          21       1.00      1.00      1.00         3
          22       1.00      1.00      1.00         3
          23       1.00      0.75      0.86         4
          24       1.00      1.00      1.00         2
          25       0.75      1.00      0.86         6

    accuracy                           0.92       104
   macro avg       0.90      0.92      0.90       104
weighted avg       0.94      0.92      0.92       104

r = 8:
              precision    recall  f1-score   support

           0       1.00      0.86      0.92         7
           1       0.86      1.00      0.92         6
           3       1.00      1.00      1.00         6
           4       1.00      1.00      1.00         4
           5       1.00      0.67      0.80         3
           6       0.75      1.00      0.86         3
           7       1.00      0.60      0.75         5
           8       0.50      1.00      0.67         2
           9       1.00      0.67      0.80         3
          10       0.75      0.60      0.67         5
          11       0.71      0.83      0.77         6
          12       0.75      1.00      0.86         3
          13       1.00      1.00      1.00         2
          14       1.00      1.00      1.00         3
          15       1.00      1.00      1.00         2
          16       1.00      1.00      1.00         4
          17       1.00      1.00      1.00         7
          18       1.00      1.00      1.00         3
          19       1.00      0.75      0.86         4
          20       0.86      1.00      0.92         6
          21       1.00      0.75      0.86         4
          22       0.50      1.00      0.67         2
          23       1.00      0.80      0.89         5
          24       1.00      1.00      1.00         5
          25       1.00      1.00      1.00         5

    accuracy                           0.90       105
   macro avg       0.91      0.90      0.89       105
weighted avg       0.92      0.90      0.90       105

r = 9:
              precision    recall  f1-score   support

           0       1.00      1.00      1.00         6
           1       1.00      1.00      1.00         5
           2       1.00      1.00      1.00         1
           3       1.00      1.00      1.00         5
           4       1.00      0.75      0.86         4
           5       0.80      0.80      0.80         5
           6       0.75      1.00      0.86         3
           7       1.00      1.00      1.00         2
           8       1.00      1.00      1.00         4
           9       1.00      1.00      1.00         6
          10       1.00      1.00      1.00         2
          11       1.00      1.00      1.00         6
          12       1.00      1.00      1.00         4
          13       1.00      1.00      1.00         4
          14       1.00      0.33      0.50         3
          15       0.80      0.80      0.80         5
          16       1.00      1.00      1.00         3
          17       1.00      0.71      0.83         7
          18       0.25      0.50      0.33         2
          19       0.80      1.00      0.89         4
          20       1.00      1.00      1.00         2
          21       1.00      1.00      1.00         3
          22       1.00      1.00      1.00         3
          23       0.75      1.00      0.86         6
          24       1.00      0.86      0.92         7
          25       1.00      1.00      1.00         2

    accuracy                           0.91       104
   macro avg       0.93      0.91      0.91       104
weighted avg       0.94      0.91      0.91       104

