r = 0:
              precision    recall  f1-score   support

           0       0.88      0.87      0.88        94
           1       0.84      0.83      0.84        65
           2       0.85      0.84      0.84        73
           3       0.90      0.94      0.92        69
           4       0.96      0.91      0.93        98
           5       0.89      0.96      0.92        76
           6       0.94      0.90      0.92        90
           7       0.95      0.84      0.89        85
           8       0.88      0.84      0.86        85
           9       0.89      0.85      0.87        84
          10       0.85      0.90      0.87       105
          11       0.89      0.86      0.87        76
          12       0.88      0.84      0.86        77
          13       0.83      0.92      0.87        83
          14       0.82      0.88      0.85        77
          15       0.91      0.89      0.90        83
          16       0.80      0.93      0.86        69
          17       0.86      0.84      0.85        79
          18       0.80      0.88      0.84        65
          19       0.78      0.95      0.85        77
          20       0.91      0.80      0.85        74
          21       0.84      0.84      0.84        67
          22       0.90      0.89      0.90        85
          23       0.93      0.86      0.89        79
          24       0.89      0.88      0.89        76
          25       0.90      0.83      0.87        89

    accuracy                           0.88      2080
   macro avg       0.88      0.87      0.87      2080
weighted avg       0.88      0.88      0.88      2080

